  species    A      yield       mass(i)_lost    mass(i)_0        <X(i)>         
  X0(i)   log10(<X(i)>/X0(i)) 
      g      1   1.6256077E-06  1.6256077E-06  0.0000000E+00  2.5037468E-07  0.0000000E+00  0.0000000E+00
      n      1   0.0000000E+00  0.0000000E+00  0.0000000E+00  0.0000000E+00  0.0000000E+00  0.0000000E+00
      p      1  -5.3371333E-01  3.5558819E+00  4.0895952E+00  5.4767383E-01  6.2991470E-01 -6.0759754E-02
      d      2   2.4429962E-17  2.4429962E-17  0.0000000E+00  3.7626815E-18  0.0000000E+00  0.0000000E+00
    he3      3   1.8427687E-05  1.8427687E-05  0.0000000E+00  2.8382163E-06  0.0000000E+00  0.0000000E+00
    he4      4   5.2051125E-01  2.6626801E+00  2.1421688E+00  4.1010367E-01  3.2995531E-01  9.4438536E-02
    li7      7  -1.6876933E-07  7.6163575E-12  1.6877694E-07  1.1730647E-12  2.5996480E-08 -4.3455926E+00
    be7      7   3.4970304E-07  3.4970304E-07  0.0000000E+00  5.3860958E-08  0.0000000E+00  0.0000000E+00
     b8      8   1.1801130E-22  1.1801130E-22  0.0000000E+00  1.8175997E-23  0.0000000E+00  0.0000000E+00
    c12     12  -3.8963714E-02  7.5052175E-03  4.6468931E-02  1.1559471E-03  7.1575453E-03 -7.9182616E-01
    c13     13   1.2271807E-03  1.7902930E-03  5.6311225E-04  2.7573936E-04  8.6735402E-05  5.0230237E-01
    c14     14   6.9480299E-08  6.9480299E-08  0.0000000E+00  1.0701295E-08  0.0000000E+00  0.0000000E+00
    n13     13   0.0000000E+00  0.0000000E+00  0.0000000E+00  0.0000000E+00  0.0000000E+00  0.0000000E+00
    n14     14   6.9314604E-02  8.3053567E-02  1.3738963E-02  1.2791838E-02  2.1161935E-03  7.8137758E-01
    n15     15  -3.2216030E-05  1.6246762E-06  3.3840706E-05  2.5023121E-07  5.2124371E-06 -1.3186993E+00
    o14     14   0.0000000E+00  0.0000000E+00  0.0000000E+00  0.0000000E+00  0.0000000E+00  0.0000000E+00
    o15     15   0.0000000E+00  0.0000000E+00  0.0000000E+00  0.0000000E+00  0.0000000E+00  0.0000000E+00
    o16     16  -1.9555383E-02  9.2654954E-02  1.1221034E-01  1.4270635E-02  1.7283603E-02 -8.3190978E-02
    o17     17   2.1181833E-04  2.5711398E-04  4.5295653E-05  3.9600471E-05  6.9768269E-06  7.5404241E-01
    o18     18  -2.5233688E-04  1.3637166E-07  2.5247325E-04  2.1003844E-08  3.8888105E-05 -3.2675180E+00
    o19     19   0.0000000E+00  0.0000000E+00  0.0000000E+00  0.0000000E+00  0.0000000E+00  0.0000000E+00
    f17     17   0.0000000E+00  0.0000000E+00  0.0000000E+00  0.0000000E+00  0.0000000E+00  0.0000000E+00
    f18     18   0.0000000E+00  0.0000000E+00  0.0000000E+00  0.0000000E+00  0.0000000E+00  0.0000000E+00
    f19     19  -3.7459592E-06  3.5245810E-06  7.2705402E-06  5.4285290E-07  1.1198713E-06 -3.1448594E-01
    f20     20   0.0000000E+00  0.0000000E+00  0.0000000E+00  0.0000000E+00  0.0000000E+00  0.0000000E+00
   ne19     19   0.0000000E+00  0.0000000E+00  0.0000000E+00  0.0000000E+00  0.0000000E+00  0.0000000E+00
   ne20     20  -2.2241089E-05  2.2995596E-02  2.3017837E-02  3.5417616E-03  3.5454056E-03 -4.4659857E-04
   ne21     21  -4.8910039E-05  9.0258945E-06  5.7935934E-05  1.3901604E-06  8.9237919E-06 -8.0748451E-01
   ne22     22   5.4998920E-04  2.4117584E-03  1.8617692E-03  3.7145692E-04  2.8676573E-04  1.1238120E-01
   ne23     23   0.0000000E+00  0.0000000E+00  0.0000000E+00  0.0000000E+00  0.0000000E+00  0.0000000E+00
   na21     21   0.0000000E+00  0.0000000E+00  0.0000000E+00  0.0000000E+00  0.0000000E+00  0.0000000E+00
   na22     22   2.6396053E-09  2.6396053E-09  0.0000000E+00  4.0654971E-10  0.0000000E+00  0.0000000E+00
   na23     23   4.2489949E-04  1.0480036E-03  6.2310409E-04  1.6141260E-04  9.5975863E-05  2.2577541E-01
   na24     24   0.0000000E+00  0.0000000E+00  0.0000000E+00  0.0000000E+00  0.0000000E+00  0.0000000E+00
   mg23     23   0.0000000E+00  0.0000000E+00  0.0000000E+00  0.0000000E+00  0.0000000E+00  0.0000000E+00
   mg24     24  -6.8720569E-05  1.0911202E-02  1.0979923E-02  1.6805339E-03  1.6912224E-03 -2.7534381E-03
   mg25     25   3.8355820E-05  1.4863137E-03  1.4479579E-03  2.2892074E-04  2.2302695E-04  1.1327795E-02
   mg26     26   2.6549780E-04  1.9234661E-03  1.6579683E-03  2.9625058E-04  2.5537457E-04  6.4481556E-02
   mg27     27   0.0000000E+00  0.0000000E+00  0.0000000E+00  0.0000000E+00  0.0000000E+00  0.0000000E+00
   al25     25   0.0000000E+00  0.0000000E+00  0.0000000E+00  0.0000000E+00  0.0000000E+00  0.0000000E+00
   al-6     26   8.5357106E-06  8.5357106E-06  0.0000000E+00  1.3146627E-06  0.0000000E+00  0.0000000E+00
   al*6     26   0.0000000E+00  0.0000000E+00  0.0000000E+00  0.0000000E+00  0.0000000E+00  0.0000000E+00
   al27     27   4.6438817E-05  1.1037077E-03  1.0572689E-03  1.6999210E-04  1.6284967E-04  1.8641865E-02
   al28     28   0.0000000E+00  0.0000000E+00  0.0000000E+00  0.0000000E+00  0.0000000E+00  0.0000000E+00
   si27     27   0.0000000E+00  0.0000000E+00  0.0000000E+00  0.0000000E+00  0.0000000E+00  0.0000000E+00
   si28     28   1.9864459E-05  1.2177518E-02  1.2157653E-02  1.8755706E-03  1.8726265E-03  6.8226049E-04
   si29     29   4.2593914E-06  6.4366810E-04  6.3940870E-04  9.9137199E-05  9.8487239E-05  2.8566825E-03
   si30     30   9.0273293E-06  4.4505050E-04  4.3602317E-04  6.8546290E-05  6.7160046E-05  8.8729680E-03
   si31     31   0.0000000E+00  0.0000000E+00  0.0000000E+00  0.0000000E+00  0.0000000E+00  0.0000000E+00
   si32     32   5.3269157E-11  5.3269157E-11  0.0000000E+00  8.2044692E-12  0.0000000E+00  0.0000000E+00
   si33     33   0.0000000E+00  0.0000000E+00  0.0000000E+00  0.0000000E+00  0.0000000E+00  0.0000000E+00
    p29     29   0.0000000E+00  0.0000000E+00  0.0000000E+00  0.0000000E+00  0.0000000E+00  0.0000000E+00
    p30     30   0.0000000E+00  0.0000000E+00  0.0000000E+00  0.0000000E+00  0.0000000E+00  0.0000000E+00
    p31     31   1.5821355E-06  1.2297227E-04  1.2139014E-04  1.8940082E-05  1.8697555E-05  5.5970407E-03
    p32     32   1.3568718E-14  1.3568718E-14  0.0000000E+00  2.0898421E-15  0.0000000E+00  0.0000000E+00
    p33     33   2.4171361E-25  2.4171361E-25  0.0000000E+00  3.7228520E-26  0.0000000E+00  0.0000000E+00
    p34     34   0.0000000E+00  0.0000000E+00  0.0000000E+00  0.0000000E+00  0.0000000E+00  0.0000000E+00
    s32     32  -5.5537693E-06  5.8204929E-03  5.8260467E-03  8.9646725E-04  8.9737792E-04 -4.4095208E-04
    s33     33   2.7599377E-07  4.8376257E-05  4.8100263E-05  7.4508690E-06  7.4088171E-06  2.4580530E-03
    s34     34   4.7468948E-07  2.8021303E-04  2.7973834E-04  4.3158167E-05  4.3087710E-05  7.0957536E-04
    s35     35   3.1036721E-08  3.1036721E-08  0.0000000E+00  4.7802488E-09  0.0000000E+00  0.0000000E+00
   fe54     54  -7.7092175E-06  1.4444143E-03  1.4521235E-03  2.2246744E-04  2.2366858E-04 -2.3385363E-03
   fe55     55   3.1760809E-06  3.1760809E-06  0.0000000E+00  4.8917722E-07  0.0000000E+00  0.0000000E+00
   fe56     56  -5.2335235E-05  2.3586824E-02  2.3639159E-02  3.6328221E-03  3.6411071E-03 -9.8931635E-04
   fe57     57   1.4213459E-05  5.6989599E-04  5.5568253E-04  8.7774883E-05  8.5591012E-05  1.0942100E-02
   fe58     58   2.9802864E-05  1.0505171E-04  7.5248850E-05  1.6179974E-05  1.1590476E-05  1.4487652E-01
   fe59     59   2.3017212E-25  2.3017212E-25  0.0000000E+00  3.5450909E-26  0.0000000E+00  0.0000000E+00
   fe60     60   4.2004852E-06  4.2004852E-06  0.0000000E+00  6.4695507E-07  0.0000000E+00  0.0000000E+00
   fe61     61   0.0000000E+00  0.0000000E+00  0.0000000E+00  0.0000000E+00  0.0000000E+00  0.0000000E+00
   co59     59   8.5058492E-06  6.6538173E-05  5.8032324E-05  1.0248151E-05  8.9386387E-06  5.9374154E-02
   co60     60   2.3664197E-09  2.3664197E-09  0.0000000E+00  3.6447390E-10  0.0000000E+00  0.0000000E+00
   co61     61   0.0000000E+00  0.0000000E+00  0.0000000E+00  0.0000000E+00  0.0000000E+00  0.0000000E+00
   ni58     58  -3.6422840E-06  8.2668541E-04  8.3032770E-04  1.2732537E-04  1.2789423E-04 -1.9360070E-03
   ni59     59   1.4136723E-07  1.4136723E-07  0.0000000E+00  2.1773258E-08  0.0000000E+00  0.0000000E+00
   ni60     60   1.9031997E-06  3.3277649E-04  3.3087329E-04  5.1253946E-05  5.0963956E-05  2.4641698E-03
   ni61     61   6.0385628E-05  7.5008482E-05  1.4622854E-05  1.1552741E-05  2.2523380E-06  7.1005147E-01
   ni62     62  -4.7386431E-05  1.6383985E-10  4.7386595E-05  2.5234470E-11  7.2988917E-06 -5.4612627E+00
