  species    A      yield       mass(i)_lost    mass(i)_0        <X(i)>         
  X0(i)   log10(<X(i)>/X0(i)) 
      g      1   4.3785742E-07  4.3785742E-07  0.0000000E+00  1.1998066E-07  0.0000000E+00  0.0000000E+00
      n      1   0.0000000E+00  0.0000000E+00  0.0000000E+00  0.0000000E+00  0.0000000E+00  0.0000000E+00
      p      1  -7.8392739E-02  2.2202920E+00  2.2986847E+00  6.0839918E-01  6.2991470E-01 -1.5093120E-02
      d      2   1.9489965E-17  1.9489965E-17  0.0000000E+00  5.3405945E-18  0.0000000E+00  0.0000000E+00
    he3      3   1.4061396E-04  1.4061396E-04  0.0000000E+00  3.8530705E-05  0.0000000E+00  0.0000000E+00
    he4      4   7.3689631E-02  1.2777625E+00  1.2040729E+00  3.5012948E-01  3.2995531E-01  2.5773565E-02
    li7      7  -9.4828416E-08  3.7937754E-11  9.4866353E-08  1.0395614E-11  2.5996480E-08 -3.3980644E+00
    be7      7   3.8382381E-10  3.8382381E-10  0.0000000E+00  1.0517450E-10  0.0000000E+00  0.0000000E+00
     b8      8   8.4182908E-25  8.4182908E-25  0.0000000E+00  2.3067602E-25  0.0000000E+00  0.0000000E+00
    c12     12  -7.2604355E-03  1.8858879E-02  2.6119314E-02  5.1676656E-03  7.1575453E-03 -1.4146970E-01
    c13     13   5.5405423E-04  8.7056906E-04  3.1651483E-04  2.3855128E-04  8.6735402E-05  4.3938536E-01
    c14     14   4.0525027E-08  4.0525027E-08  0.0000000E+00  1.1104573E-08  0.0000000E+00  0.0000000E+00
    n13     13   0.0000000E+00  0.0000000E+00  0.0000000E+00  0.0000000E+00  0.0000000E+00  0.0000000E+00
    n14     14   1.4142606E-02  2.1865020E-02  7.7224134E-03  5.9914013E-03  2.1161935E-03  4.5197303E-01
    n15     15  -1.0193251E-05  8.8279743E-06  1.9021226E-05  2.4190207E-06  5.2124371E-06 -3.3340124E-01
    o14     14   0.0000000E+00  0.0000000E+00  0.0000000E+00  0.0000000E+00  0.0000000E+00  0.0000000E+00
    o15     15   0.0000000E+00  0.0000000E+00  0.0000000E+00  0.0000000E+00  0.0000000E+00  0.0000000E+00
    o16     16  -3.4470539E-03  5.9624271E-02  6.3071325E-02  1.6338102E-02  1.7283603E-02 -2.4432673E-02
    o17     17   1.0200764E-04  1.2746747E-04  2.5459837E-05  3.4928337E-05  6.9768269E-06  6.9951996E-01
    o18     18  -4.4511780E-05  9.7398694E-05  1.4191047E-04  2.6688961E-05  3.8888105E-05 -1.6348512E-01
    o19     19   0.0000000E+00  0.0000000E+00  0.0000000E+00  0.0000000E+00  0.0000000E+00  0.0000000E+00
    f17     17   0.0000000E+00  0.0000000E+00  0.0000000E+00  0.0000000E+00  0.0000000E+00  0.0000000E+00
    f18     18   0.0000000E+00  0.0000000E+00  0.0000000E+00  0.0000000E+00  0.0000000E+00  0.0000000E+00
    f19     19   3.5841669E-07  4.4450509E-06  4.0866342E-06  1.2180224E-06  1.1198713E-06  3.6487171E-02
    f20     20   0.0000000E+00  0.0000000E+00  0.0000000E+00  0.0000000E+00  0.0000000E+00  0.0000000E+00
   ne19     19   0.0000000E+00  0.0000000E+00  0.0000000E+00  0.0000000E+00  0.0000000E+00  0.0000000E+00
   ne20     20  -4.3385401E-06  1.2933556E-02  1.2937894E-02  3.5440225E-03  3.5454056E-03 -1.6946047E-04
   ne21     21   2.8132140E-06  3.5377915E-05  3.2564701E-05  9.6941731E-06  8.9237919E-06  3.5961338E-02
   ne22     22   3.8371910E-04  1.4301846E-03  1.0464655E-03  3.9189582E-04  2.8676573E-04  1.3564338E-01
   ne23     23   0.0000000E+00  0.0000000E+00  0.0000000E+00  0.0000000E+00  0.0000000E+00  0.0000000E+00
   na21     21   0.0000000E+00  0.0000000E+00  0.0000000E+00  0.0000000E+00  0.0000000E+00  0.0000000E+00
   na22     22   2.0560080E-15  2.0560080E-15  0.0000000E+00  5.6338247E-16  0.0000000E+00  0.0000000E+00
   na23     23   1.2265761E-04  4.7289273E-04  3.5023512E-04  1.2958095E-04  9.5975863E-05  1.3037914E-01
   na24     24   0.0000000E+00  0.0000000E+00  0.0000000E+00  0.0000000E+00  0.0000000E+00  0.0000000E+00
   mg23     23   0.0000000E+00  0.0000000E+00  0.0000000E+00  0.0000000E+00  0.0000000E+00  0.0000000E+00
   mg24     24  -1.0899123E-05  6.1607096E-03  6.1716087E-03  1.6881431E-03  1.6912224E-03 -7.9144799E-04
   mg25     25   1.9210109E-06  8.1579096E-04  8.1386995E-04  2.2354112E-04  2.2302695E-04  1.0000738E-03
   mg26     26   1.8586402E-05  9.5049929E-04  9.3191289E-04  2.6045358E-04  2.5537457E-04  8.5526774E-03
   mg27     27   0.0000000E+00  0.0000000E+00  0.0000000E+00  0.0000000E+00  0.0000000E+00  0.0000000E+00
   al25     25   0.0000000E+00  0.0000000E+00  0.0000000E+00  0.0000000E+00  0.0000000E+00  0.0000000E+00
   al-6     26   6.1160508E-07  6.1160508E-07  0.0000000E+00  1.6759058E-07  0.0000000E+00  0.0000000E+00
   al*6     26   0.0000000E+00  0.0000000E+00  0.0000000E+00  0.0000000E+00  0.0000000E+00  0.0000000E+00
   al27     27   7.7757450E-06  6.0204675E-04  5.9427101E-04  1.6497144E-04  1.6284967E-04  5.6218736E-03
   al28     28   0.0000000E+00  0.0000000E+00  0.0000000E+00  0.0000000E+00  0.0000000E+00  0.0000000E+00
   si27     27   0.0000000E+00  0.0000000E+00  0.0000000E+00  0.0000000E+00  0.0000000E+00  0.0000000E+00
   si28     28   7.9939105E-07  6.8343880E-03  6.8335886E-03  1.8727429E-03  1.8726265E-03  2.6999138E-05
   si29     29   3.0276522E-07  3.5970240E-04  3.5939963E-04  9.8564805E-05  9.8487239E-05  3.4190256E-04
   si30     30   6.5919277E-07  2.4573963E-04  2.4508044E-04  6.7336996E-05  6.7160046E-05  1.1427521E-03
   si31     31   0.0000000E+00  0.0000000E+00  0.0000000E+00  0.0000000E+00  0.0000000E+00  0.0000000E+00
   si32     32   1.9830246E-13  1.9830246E-13  0.0000000E+00  5.4338372E-14  0.0000000E+00  0.0000000E+00
   si33     33   0.0000000E+00  0.0000000E+00  0.0000000E+00  0.0000000E+00  0.0000000E+00  0.0000000E+00
    p29     29   0.0000000E+00  0.0000000E+00  0.0000000E+00  0.0000000E+00  0.0000000E+00  0.0000000E+00
    p30     30   0.0000000E+00  0.0000000E+00  0.0000000E+00  0.0000000E+00  0.0000000E+00  0.0000000E+00
    p31     31   6.0425511E-08  6.8291543E-05  6.8231117E-05  1.8713088E-05  1.8697555E-05  3.6063968E-04
    p32     32   5.0511596E-17  5.0511596E-17  0.0000000E+00  1.3841069E-17  0.0000000E+00  0.0000000E+00
    p33     33   1.3538400E-39  1.3538400E-39  0.0000000E+00  3.7097605E-40  0.0000000E+00  0.0000000E+00
    p34     34   0.0000000E+00  0.0000000E+00  0.0000000E+00  0.0000000E+00  0.0000000E+00  0.0000000E+00
    s32     32  -4.8567309E-07  3.2742258E-03  3.2747115E-03  8.9719566E-04  8.9737792E-04 -8.8216598E-05
    s33     33   1.6388066E-07  2.7200136E-05  2.7036255E-05  7.4533173E-06  7.4088171E-06  2.6007345E-03
    s34     34   3.9531802E-08  1.5727520E-04  1.5723567E-04  4.3096181E-05  4.3087710E-05  8.5373993E-05
    s35     35   1.9939434E-09  1.9939434E-09  0.0000000E+00  5.4637567E-10  0.0000000E+00  0.0000000E+00
   fe54     54  -1.1161238E-06  8.1509527E-04  8.1621139E-04  2.2335049E-04  2.2366858E-04 -6.1808153E-04
   fe55     55   5.5684633E-07  5.5684633E-07  0.0000000E+00  1.5258572E-07  0.0000000E+00  0.0000000E+00
   fe56     56  -5.7968791E-06  1.3281331E-02  1.3287128E-02  3.6393191E-03  3.6411071E-03 -2.1331591E-04
   fe57     57   4.1356604E-06  3.1647438E-04  3.1233872E-04  8.6719565E-05  8.5591012E-05  5.6889305E-03
   fe58     58   2.9773432E-06  4.5273310E-05  4.2295966E-05  1.2405686E-05  1.1590476E-05  2.9519490E-02
   fe59     59   1.7827430E-37  1.7827430E-37  0.0000000E+00  4.8850305E-38  0.0000000E+00  0.0000000E+00
   fe60     60   1.4213731E-08  1.4213731E-08  0.0000000E+00  3.8948132E-09  0.0000000E+00  0.0000000E+00
   fe61     61   0.0000000E+00  0.0000000E+00  0.0000000E+00  0.0000000E+00  0.0000000E+00  0.0000000E+00
   co59     59   3.7970353E-07  3.2998584E-05  3.2618880E-05  9.0421942E-06  8.9386387E-06  5.0024515E-03
   co60     60   3.5032103E-12  3.5032103E-12  0.0000000E+00  9.5994143E-13  0.0000000E+00  0.0000000E+00
   co61     61   0.0000000E+00  0.0000000E+00  0.0000000E+00  0.0000000E+00  0.0000000E+00  0.0000000E+00
   ni58     58  -6.7975190E-07  4.6603187E-04  4.6671162E-04  1.2770096E-04  1.2789423E-04 -6.5679989E-04
   ni59     59   2.1800530E-07  2.1800530E-07  0.0000000E+00  5.9737299E-08  0.0000000E+00  0.0000000E+00
   ni60     60   1.2163888E-07  1.8609931E-04  1.8597767E-04  5.0994494E-05  5.0963956E-05  2.6015636E-04
   ni61     61   2.6686786E-05  3.4906018E-05  8.2192319E-06  9.5648648E-06  2.2523380E-06  6.2804527E-01
   ni62     62  -2.6633723E-05  1.3922627E-09  2.6635116E-05  3.8150455E-10  7.2988917E-06 -4.2817572E+00
