  species    A      yield       mass(i)_lost    mass(i)_0        <X(i)>         
  X0(i)   log10(<X(i)>/X0(i)) 
      g      1   4.5357757E-08  4.5357757E-08  0.0000000E+00  1.0934850E-07  0.0000000E+00  0.0000000E+00
      n      1   0.0000000E+00  0.0000000E+00  0.0000000E+00  0.0000000E+00  0.0000000E+00  0.0000000E+00
      p      1  -7.6089774E-03  2.5361665E-01  2.6122563E-01  6.1141911E-01  6.2991470E-01 -1.2942732E-02
      d      2   2.3971003E-18  2.3971003E-18  0.0000000E+00  5.7789303E-18  0.0000000E+00  0.0000000E+00
    he3      3   1.2324628E-04  1.2324628E-04  0.0000000E+00  2.9712218E-04  0.0000000E+00  0.0000000E+00
    he4      4   7.4180560E-03  1.4425052E-01  1.3683247E-01  3.4775921E-01  3.2995531E-01  2.2823527E-02
    li7      7  -1.0015271E-08  7.6546884E-10  1.0780740E-08  1.8453926E-09  2.5996480E-08 -1.1488258E+00
    be7      7   4.7291264E-14  4.7291264E-14  0.0000000E+00  1.1400980E-13  0.0000000E+00  0.0000000E+00
     b8      8   1.2844873E-23  1.2844873E-23  0.0000000E+00  3.0966425E-23  0.0000000E+00  0.0000000E+00
    c12     12  -4.3738203E-04  2.5308520E-03  2.9682340E-03  6.1013790E-03  7.1575453E-03 -6.9336103E-02
    c13     13   6.4244300E-05  1.0021347E-04  3.5969171E-05  2.4159467E-04  8.6735402E-05  4.4489096E-01
    c14     14   1.6930975E-28  1.6930975E-28  0.0000000E+00  4.0817202E-28  0.0000000E+00  0.0000000E+00
    n13     13   0.0000000E+00  0.0000000E+00  0.0000000E+00  0.0000000E+00  0.0000000E+00  0.0000000E+00
    n14     14   4.4248244E-04  1.3200679E-03  8.7758545E-04  3.1824202E-03  2.1161935E-03  1.7720214E-01
    n15     15  -5.7240932E-07  1.5891884E-06  2.1615977E-06  3.8312159E-06  5.2124371E-06 -1.3370420E-01
    o14     14   0.0000000E+00  0.0000000E+00  0.0000000E+00  0.0000000E+00  0.0000000E+00  0.0000000E+00
    o15     15   0.0000000E+00  0.0000000E+00  0.0000000E+00  0.0000000E+00  0.0000000E+00  0.0000000E+00
    o16     16  -5.7916400E-08  7.1674523E-03  7.1675102E-03  1.7279297E-02  1.7283603E-02 -1.0822164E-04
    o17     17   6.7271118E-08  2.9605612E-06  2.8932901E-06  7.1373221E-06  6.9768269E-06  9.8773525E-03
    o18     18  -1.1005230E-06  1.5026374E-05  1.6126897E-05  3.6225589E-05  3.8888105E-05 -3.0801330E-02
    o19     19   0.0000000E+00  0.0000000E+00  0.0000000E+00  0.0000000E+00  0.0000000E+00  0.0000000E+00
    f17     17   0.0000000E+00  0.0000000E+00  0.0000000E+00  0.0000000E+00  0.0000000E+00  0.0000000E+00
    f18     18   0.0000000E+00  0.0000000E+00  0.0000000E+00  0.0000000E+00  0.0000000E+00  0.0000000E+00
    f19     19   1.0133745E-09  4.6542399E-07  4.6441061E-07  1.1220443E-06  1.1198713E-06  8.4191434E-04
    f20     20   0.0000000E+00  0.0000000E+00  0.0000000E+00  0.0000000E+00  0.0000000E+00  0.0000000E+00
   ne19     19   0.0000000E+00  0.0000000E+00  0.0000000E+00  0.0000000E+00  0.0000000E+00  0.0000000E+00
   ne20     20   7.4454000E-10  1.4702804E-03  1.4702797E-03  3.5445527E-03  3.5454056E-03 -1.0449243E-04
   ne21     21   5.2200750E-12  3.7007017E-06  3.7006965E-06  8.9216531E-06  8.9237919E-06 -1.0409975E-04
   ne22     22  -1.1291934E-08  1.1891046E-04  1.1892175E-04  2.8666938E-04  2.8676573E-04 -1.4595172E-04
   ne23     23   0.0000000E+00  0.0000000E+00  0.0000000E+00  0.0000000E+00  0.0000000E+00  0.0000000E+00
   na21     21   0.0000000E+00  0.0000000E+00  0.0000000E+00  0.0000000E+00  0.0000000E+00  0.0000000E+00
   na22     22   3.0988469E-31  3.0988469E-31  0.0000000E+00  7.4707012E-31  0.0000000E+00  0.0000000E+00
   na23     23   1.1886144E-08  3.9813076E-05  3.9801190E-05  9.5981380E-05  9.5975863E-05  2.4965073E-05
   na24     24   0.0000000E+00  0.0000000E+00  0.0000000E+00  0.0000000E+00  0.0000000E+00  0.0000000E+00
   mg23     23   0.0000000E+00  0.0000000E+00  0.0000000E+00  0.0000000E+00  0.0000000E+00  0.0000000E+00
   mg24     24   3.5743440E-10  7.0135028E-04  7.0134992E-04  1.6908155E-03  1.6912224E-03 -1.0449102E-04
   mg25     25   4.1423500E-11  9.2489318E-05  9.2489276E-05  2.2297328E-04  2.2302695E-04 -1.0451784E-04
   mg26     26   4.9464740E-11  1.0590388E-04  1.0590383E-04  2.5531312E-04  2.5537457E-04 -1.0450951E-04
   mg27     27   0.0000000E+00  0.0000000E+00  0.0000000E+00  0.0000000E+00  0.0000000E+00  0.0000000E+00
   al25     25   0.0000000E+00  0.0000000E+00  0.0000000E+00  0.0000000E+00  0.0000000E+00  0.0000000E+00
   al-6     26   3.8599028E-15  3.8599028E-15  0.0000000E+00  9.3054552E-15  0.0000000E+00  0.0000000E+00
   al*6     26   0.0000000E+00  0.0000000E+00  0.0000000E+00  0.0000000E+00  0.0000000E+00  0.0000000E+00
   al27     27   3.0153870E-11  6.7533788E-05  6.7533757E-05  1.6281048E-04  1.6284967E-04 -1.0451844E-04
   al28     28   0.0000000E+00  0.0000000E+00  0.0000000E+00  0.0000000E+00  0.0000000E+00  0.0000000E+00
   si27     27   0.0000000E+00  0.0000000E+00  0.0000000E+00  0.0000000E+00  0.0000000E+00  0.0000000E+00
   si28     28   3.3586840E-10  7.7657855E-04  7.7657821E-04  1.8721759E-03  1.8726265E-03 -1.0452452E-04
   si29     29   1.7992180E-11  4.0842676E-05  4.0842658E-05  9.8463539E-05  9.8487239E-05 -1.0452104E-04
   si30     30   1.4892300E-11  2.7851286E-05  2.7851271E-05  6.7143891E-05  6.7160046E-05 -1.0448013E-04
   si31     31   0.0000000E+00  0.0000000E+00  0.0000000E+00  0.0000000E+00  0.0000000E+00  0.0000000E+00
   si32     32   0.0000000E+00  0.0000000E+00  0.0000000E+00  0.0000000E+00  0.0000000E+00  0.0000000E+00
   si33     33   0.0000000E+00  0.0000000E+00  0.0000000E+00  0.0000000E+00  0.0000000E+00  0.0000000E+00
    p29     29   0.0000000E+00  0.0000000E+00  0.0000000E+00  0.0000000E+00  0.0000000E+00  0.0000000E+00
    p30     30   0.0000000E+00  0.0000000E+00  0.0000000E+00  0.0000000E+00  0.0000000E+00  0.0000000E+00
    p31     31   3.5897690E-12  7.7538796E-06  7.7538760E-06  1.8693056E-05  1.8697555E-05 -1.0451129E-04
    p32     32   0.0000000E+00  0.0000000E+00  0.0000000E+00  0.0000000E+00  0.0000000E+00  0.0000000E+00
    p33     33   0.0000000E+00  0.0000000E+00  0.0000000E+00  0.0000000E+00  0.0000000E+00  0.0000000E+00
    p34     34   0.0000000E+00  0.0000000E+00  0.0000000E+00  0.0000000E+00  0.0000000E+00  0.0000000E+00
    s32     32   1.8529760E-10  3.7214281E-04  3.7214262E-04  8.9716203E-04  8.9737792E-04 -1.0449611E-04
    s33     33   1.3649130E-12  3.0724378E-06  3.0724365E-06  7.4070343E-06  7.4088171E-06 -1.0451942E-04
    s34     34   8.4367600E-12  1.7868482E-05  1.7868474E-05  4.3077343E-05  4.3087710E-05 -1.0450730E-04
    s35     35   1.2823949E-20  1.2823949E-20  0.0000000E+00  3.0915981E-20  0.0000000E+00  0.0000000E+00
   fe54     54   4.0203540E-11  9.2755402E-05  9.2755361E-05  2.2361476E-04  2.2366858E-04 -1.0452411E-04
   fe55     55   6.5680624E-18  6.5680624E-18  0.0000000E+00  1.5834287E-17  0.0000000E+00  0.0000000E+00
   fe56     56   6.7173120E-10  1.5099678E-03  1.5099671E-03  3.6402309E-03  3.6411071E-03 -1.0451915E-04
   fe57     57   1.8854175E-11  3.5494611E-05  3.5494593E-05  8.5570423E-05  8.5591012E-05 -1.0448166E-04
   fe58     58   2.3989380E-12  4.8065730E-06  4.8065706E-06  1.1587688E-05  1.1590476E-05 -1.0449560E-04
   fe59     59   0.0000000E+00  0.0000000E+00  0.0000000E+00  0.0000000E+00  0.0000000E+00  0.0000000E+00
   fe60     60   0.0000000E+00  0.0000000E+00  0.0000000E+00  0.0000000E+00  0.0000000E+00  0.0000000E+00
   fe61     61   0.0000000E+00  0.0000000E+00  0.0000000E+00  0.0000000E+00  0.0000000E+00  0.0000000E+00
   co59     59   1.7080500E-12  3.7068552E-06  3.7068534E-06  8.9364878E-06  8.9386387E-06 -1.0451224E-04
   co60     60   0.0000000E+00  0.0000000E+00  0.0000000E+00  0.0000000E+00  0.0000000E+00  0.0000000E+00
   co61     61   0.0000000E+00  0.0000000E+00  0.0000000E+00  0.0000000E+00  0.0000000E+00  0.0000000E+00
   ni58     58   2.6386520E-11  5.3037763E-05  5.3037736E-05  1.2786346E-04  1.2789423E-04 -1.0449629E-04
   ni59     59   5.4403285E-28  5.4403285E-28  0.0000000E+00  1.3115546E-27  0.0000000E+00  0.0000000E+00
   ni60     60   9.9277800E-12  2.1134763E-05  2.1134753E-05  5.0951694E-05  5.0963956E-05 -1.0450835E-04
   ni61     61   2.7668234E-06  3.7008680E-06  9.3404457E-07  8.9220540E-06  2.2523380E-06  5.9783128E-01
   ni62     62  -2.8121793E-06  2.1467108E-07  3.0268504E-06  5.1752912E-07  7.2988917E-06 -1.1493221E+00
