  species    A      yield       mass(i)_lost    mass(i)_0        <X(i)>         
  X0(i)   log10(<X(i)>/X0(i)) 
      g      1   1.1759102E-07  1.1759102E-07  0.0000000E+00  8.5920667E-08  0.0000000E+00  0.0000000E+00
      n      1   0.0000000E+00  0.0000000E+00  0.0000000E+00  0.0000000E+00  0.0000000E+00  0.0000000E+00
      p      1  -1.0348411E-02  8.5168986E-01  8.6203827E-01  6.2230736E-01  6.2991470E-01 -5.2768044E-03
      d      2   6.2501353E-18  6.2501353E-18  0.0000000E+00  4.5668094E-18  0.0000000E+00  0.0000000E+00
    he3      3   2.7584279E-04  2.7584279E-04  0.0000000E+00  2.0155106E-04  0.0000000E+00  0.0000000E+00
    he4      4   9.5242206E-03  4.6106806E-01  4.5154384E-01  3.3689030E-01  3.2995531E-01  9.0333826E-03
    li7      7  -2.5951678E-08  9.6245046E-09  3.5576182E-08  7.0323722E-09  2.5996480E-08 -5.6781269E-01
    be7      7   5.6893659E-11  5.6893659E-11  0.0000000E+00  4.1570700E-11  0.0000000E+00  0.0000000E+00
     b8      8   9.7502077E-28  9.7502077E-28  0.0000000E+00  7.1242202E-28  0.0000000E+00  0.0000000E+00
    c12     12  -3.3857719E-03  6.4093289E-03  9.7951008E-03  4.6831279E-03  7.1575453E-03 -1.8422809E-01
    c13     13   2.1056948E-04  3.2926688E-04  1.1869740E-04  2.4058664E-04  8.6735402E-05  4.4307512E-01
    c14     14   5.1481895E-27  5.1481895E-27  0.0000000E+00  3.7616465E-27  0.0000000E+00  0.0000000E+00
    n13     13   0.0000000E+00  0.0000000E+00  0.0000000E+00  0.0000000E+00  0.0000000E+00  0.0000000E+00
    n14     14   3.7380506E-03  6.6340614E-03  2.8960108E-03  4.8473341E-03  2.1161935E-03  3.5994757E-01
    n15     15  -3.4023477E-06  3.7308725E-06  7.1332202E-06  2.7260504E-06  5.2124371E-06 -2.8150696E-01
    o14     14   0.0000000E+00  0.0000000E+00  0.0000000E+00  0.0000000E+00  0.0000000E+00  0.0000000E+00
    o15     15   0.0000000E+00  0.0000000E+00  0.0000000E+00  0.0000000E+00  0.0000000E+00  0.0000000E+00
    o16     16  -4.3229862E-05  2.3609381E-02  2.3652611E-02  1.7250753E-02  1.7283603E-02 -8.2621992E-04
    o17     17   4.5208230E-05  5.4756018E-05  9.5477876E-06  4.0008781E-05  6.9768269E-06  7.5849737E-01
    o18     18  -1.3890650E-05  3.9327723E-05  5.3218372E-05  2.8735732E-05  3.8888105E-05 -1.3139452E-01
    o19     19   0.0000000E+00  0.0000000E+00  0.0000000E+00  0.0000000E+00  0.0000000E+00  0.0000000E+00
    f17     17   0.0000000E+00  0.0000000E+00  0.0000000E+00  0.0000000E+00  0.0000000E+00  0.0000000E+00
    f18     18   0.0000000E+00  0.0000000E+00  0.0000000E+00  0.0000000E+00  0.0000000E+00  0.0000000E+00
    f19     19  -5.7559306E-09  1.5267879E-06  1.5325438E-06  1.1155837E-06  1.1198713E-06 -1.6659286E-03
    f20     20   0.0000000E+00  0.0000000E+00  0.0000000E+00  0.0000000E+00  0.0000000E+00  0.0000000E+00
   ne19     19   0.0000000E+00  0.0000000E+00  0.0000000E+00  0.0000000E+00  0.0000000E+00  0.0000000E+00
   ne20     20   1.9155380E-08  4.8519067E-03  4.8518876E-03  3.5451605E-03  3.5454056E-03 -3.0019311E-05
   ne21     21   4.9237606E-09  1.2217133E-05  1.2212209E-05  8.9267375E-06  8.9237919E-06  1.4333114E-04
   ne22     22  -1.7266755E-05  3.7517215E-04  3.9243890E-04  2.7412842E-04  2.8676573E-04 -1.9573197E-02
   ne23     23   0.0000000E+00  0.0000000E+00  0.0000000E+00  0.0000000E+00  0.0000000E+00  0.0000000E+00
   na21     21   0.0000000E+00  0.0000000E+00  0.0000000E+00  0.0000000E+00  0.0000000E+00  0.0000000E+00
   na22     22   8.6892990E-34  8.6892990E-34  0.0000000E+00  6.3490421E-34  0.0000000E+00  0.0000000E+00
   na23     23   1.8054246E-05  1.4939721E-04  1.3134297E-04  1.0916061E-04  9.5975863E-05  5.5903938E-02
   na24     24   0.0000000E+00  0.0000000E+00  0.0000000E+00  0.0000000E+00  0.0000000E+00  0.0000000E+00
   mg23     23   0.0000000E+00  0.0000000E+00  0.0000000E+00  0.0000000E+00  0.0000000E+00  0.0000000E+00
   mg24     24   1.1456011E-08  2.3144493E-03  2.3144378E-03  1.6911072E-03  1.6912224E-03 -2.9584247E-05
   mg25     25   4.3552663E-10  3.0521282E-04  3.0521238E-04  2.2301097E-04  2.2302695E-04 -3.1114193E-05
   mg26     26   2.7318517E-09  3.4948283E-04  3.4948010E-04  2.5535791E-04  2.5537457E-04 -2.8339090E-05
   mg27     27   0.0000000E+00  0.0000000E+00  0.0000000E+00  0.0000000E+00  0.0000000E+00  0.0000000E+00
   al25     25   0.0000000E+00  0.0000000E+00  0.0000000E+00  0.0000000E+00  0.0000000E+00  0.0000000E+00
   al-6     26   3.9944853E-11  3.9944853E-11  0.0000000E+00  2.9186653E-11  0.0000000E+00  0.0000000E+00
   al*6     26   0.0000000E+00  0.0000000E+00  0.0000000E+00  0.0000000E+00  0.0000000E+00  0.0000000E+00
   al27     27   1.1078477E-09  2.2286088E-04  2.2285977E-04  1.6283858E-04  1.6284967E-04 -2.9575019E-05
   al28     28   0.0000000E+00  0.0000000E+00  0.0000000E+00  0.0000000E+00  0.0000000E+00  0.0000000E+00
   si27     27   0.0000000E+00  0.0000000E+00  0.0000000E+00  0.0000000E+00  0.0000000E+00  0.0000000E+00
   si28     28   1.2561048E-08  2.5627019E-03  2.5626894E-03  1.8724989E-03  1.8726265E-03 -2.9605221E-05
   si29     29   6.5445416E-10  1.3478044E-04  1.3477979E-04  9.8480521E-05  9.8487239E-05 -2.9625103E-05
   si30     30   4.4849865E-10  9.1908971E-05  9.1908523E-05  6.7155466E-05  6.7160046E-05 -2.9614633E-05
   si31     31   0.0000000E+00  0.0000000E+00  0.0000000E+00  0.0000000E+00  0.0000000E+00  0.0000000E+00
   si32     32   0.0000000E+00  0.0000000E+00  0.0000000E+00  0.0000000E+00  0.0000000E+00  0.0000000E+00
   si33     33   0.0000000E+00  0.0000000E+00  0.0000000E+00  0.0000000E+00  0.0000000E+00  0.0000000E+00
    p29     29   0.0000000E+00  0.0000000E+00  0.0000000E+00  0.0000000E+00  0.0000000E+00  0.0000000E+00
    p30     30   0.0000000E+00  0.0000000E+00  0.0000000E+00  0.0000000E+00  0.0000000E+00  0.0000000E+00
    p31     31   1.2309638E-10  2.5587727E-05  2.5587604E-05  1.8696279E-05  1.8697555E-05 -2.9644623E-05
    p32     32   0.0000000E+00  0.0000000E+00  0.0000000E+00  0.0000000E+00  0.0000000E+00  0.0000000E+00
    p33     33   0.0000000E+00  0.0000000E+00  0.0000000E+00  0.0000000E+00  0.0000000E+00  0.0000000E+00
    p34     34   0.0000000E+00  0.0000000E+00  0.0000000E+00  0.0000000E+00  0.0000000E+00  0.0000000E+00
    s32     32   6.0398432E-09  1.2280677E-03  1.2280617E-03  8.9731676E-04  8.9737792E-04 -2.9597976E-05
    s33     33   4.9208511E-11  1.0139015E-05  1.0138966E-05  7.4083117E-06  7.4088171E-06 -2.9626112E-05
    s34     34   2.8390493E-10  5.8965816E-05  5.8965532E-05  4.3084770E-05  4.3087710E-05 -2.9642895E-05
    s35     35   1.2536597E-20  1.2536597E-20  0.0000000E+00  9.1601615E-21  0.0000000E+00  0.0000000E+00
   fe54     54   1.4779014E-09  3.0609193E-04  3.0609046E-04  2.2365332E-04  2.2366858E-04 -2.9637008E-05
   fe55     55   8.5185774E-18  8.5185774E-18  0.0000000E+00  6.2243003E-18  0.0000000E+00  0.0000000E+00
   fe56     56   2.4032448E-08  4.9828790E-03  4.9828550E-03  3.6408586E-03  3.6411071E-03 -2.9639305E-05
   fe57     57   5.7689900E-10  1.1713188E-04  1.1713130E-04  8.5585180E-05  8.5591012E-05 -2.9594918E-05
   fe58     58   7.7761528E-11  1.5861645E-05  1.5861567E-05  1.1589686E-05  1.1590476E-05 -2.9604785E-05
   fe59     59   0.0000000E+00  0.0000000E+00  0.0000000E+00  0.0000000E+00  0.0000000E+00  0.0000000E+00
   fe60     60   0.0000000E+00  0.0000000E+00  0.0000000E+00  0.0000000E+00  0.0000000E+00  0.0000000E+00
   fe61     61   0.0000000E+00  0.0000000E+00  0.0000000E+00  0.0000000E+00  0.0000000E+00  0.0000000E+00
   co59     59   5.9714107E-11  1.2232587E-05  1.2232527E-05  8.9380292E-06  8.9386387E-06 -2.9613874E-05
   co60     60   5.7673894E-39  5.7673894E-39  0.0000000E+00  4.2140797E-39  0.0000000E+00  0.0000000E+00
   co61     61   0.0000000E+00  0.0000000E+00  0.0000000E+00  0.0000000E+00  0.0000000E+00  0.0000000E+00
   ni58     58   8.4216783E-10  1.7502409E-04  1.7502325E-04  1.2788550E-04  1.2789423E-04 -2.9644203E-05
   ni59     59   2.6337179E-26  2.6337179E-26  0.0000000E+00  1.9243884E-26  0.0000000E+00  0.0000000E+00
   ni60     60   3.4069947E-10  6.9744515E-05  6.9744174E-05  5.0960481E-05  5.0963956E-05 -2.9612396E-05
   ni61     61   7.1730674E-06  1.0255392E-05  3.0823246E-06  7.4933450E-06  2.2523380E-06  5.2204216E-01
   ni62     62  -7.2905947E-06  2.6979387E-06  9.9885333E-06  1.9713128E-06  7.2988917E-06 -5.6850139E-01
