  species    A      yield       mass(i)_lost    mass(i)_0        <X(i)>         
  X0(i)   log10(<X(i)>/X0(i)) 
      g      1   7.2655631E-07  7.2655631E-07  0.0000000E+00  1.7657577E-07  0.0000000E+00  0.0000000E+00
      n      1   0.0000000E+00  0.0000000E+00  0.0000000E+00  0.0000000E+00  0.0000000E+00  0.0000000E+00
      p      1  -1.3648092E-01  2.1876832E+00  2.3241641E+00  5.3167501E-01  5.6488530E-01 -2.6314026E-02
      d      2   1.8503806E-17  1.8503806E-17  0.0000000E+00  4.4970000E-18  0.0000000E+00  0.0000000E+00
    he3      3   8.6653039E-05  8.6653039E-05  0.0000000E+00  2.1059382E-05  0.0000000E+00  0.0000000E+00
    he4      4   1.3435453E-01  1.6769411E+00  1.5425866E+00  4.0754882E-01  3.7492382E-01  3.6236598E-02
    li7      7  -1.6029437E-07  1.3463785E-10  1.6042901E-07  3.2721181E-11  3.8992080E-08 -3.0761474E+00
    be7      7   1.0736212E-10  1.0736212E-10  0.0000000E+00  2.6092333E-11  0.0000000E+00  0.0000000E+00
     b8      8   3.8540207E-26  3.8540207E-26  0.0000000E+00  9.3664682E-27  0.0000000E+00  0.0000000E+00
    c12     12  -1.7265445E-02  2.6905072E-02  4.4170516E-02  6.5387687E-03  1.0735591E-02 -2.1532999E-01
    c13     13   9.3365353E-04  1.4689135E-03  5.3525994E-04  3.5699163E-04  1.3009429E-04  4.3839981E-01
    c14     14   3.0908463E-09  3.0908463E-09  0.0000000E+00  7.5117173E-10  0.0000000E+00  0.0000000E+00
    n13     13   0.0000000E+00  0.0000000E+00  0.0000000E+00  0.0000000E+00  0.0000000E+00  0.0000000E+00
    n14     14   2.5325482E-02  3.8384898E-02  1.3059416E-02  9.3287233E-03  3.1740754E-03  4.6820498E-01
    n15     15  -1.7238515E-05  1.4928386E-05  3.2166901E-05  3.6280617E-06  7.8181268E-06 -3.3342804E-01
    o14     14   0.0000000E+00  0.0000000E+00  0.0000000E+00  0.0000000E+00  0.0000000E+00  0.0000000E+00
    o15     15   0.0000000E+00  0.0000000E+00  0.0000000E+00  0.0000000E+00  0.0000000E+00  0.0000000E+00
    o16     16  -7.0391752E-03  9.9621089E-02  1.0666026E-01  2.4211021E-02  2.5923650E-02 -2.9683036E-02
    o17     17   1.4644283E-04  1.8949810E-04  4.3055269E-05  4.6053927E-05  1.0464532E-05  6.4354688E-01
    o18     18  -7.5569318E-05  1.6441628E-04  2.3998559E-04  3.9958266E-05  5.8328212E-05 -1.6427203E-01
    o19     19   0.0000000E+00  0.0000000E+00  0.0000000E+00  0.0000000E+00  0.0000000E+00  0.0000000E+00
    f17     17   0.0000000E+00  0.0000000E+00  0.0000000E+00  0.0000000E+00  0.0000000E+00  0.0000000E+00
    f18     18   0.0000000E+00  0.0000000E+00  0.0000000E+00  0.0000000E+00  0.0000000E+00  0.0000000E+00
    f19     19  -6.0358919E-07  6.3073403E-06  6.9109295E-06  1.5328798E-06  1.6796932E-06 -3.9721864E-02
    f20     20   0.0000000E+00  0.0000000E+00  0.0000000E+00  0.0000000E+00  0.0000000E+00  0.0000000E+00
   ne19     19   0.0000000E+00  0.0000000E+00  0.0000000E+00  0.0000000E+00  0.0000000E+00  0.0000000E+00
   ne20     20  -6.8399349E-06  2.1872503E-02  2.1879343E-02  5.3156982E-03  5.3177482E-03 -1.6745593E-04
   ne21     21   7.1426147E-06  6.2212958E-05  5.5070343E-05  1.5119683E-05  1.3384781E-05  5.2931401E-02
   ne22     22  -2.0125214E-04  1.5684315E-03  1.7696836E-03  3.8117761E-04  4.3011949E-04 -5.2461746E-02
   ne23     23   0.0000000E+00  0.0000000E+00  0.0000000E+00  0.0000000E+00  0.0000000E+00  0.0000000E+00
   na21     21   0.0000000E+00  0.0000000E+00  0.0000000E+00  0.0000000E+00  0.0000000E+00  0.0000000E+00
   na22     22   9.0755616E-15  9.0755616E-15  0.0000000E+00  2.2056436E-15  0.0000000E+00  0.0000000E+00
   na23     23   2.3088484E-04  8.2316936E-04  5.9228452E-04  2.0005574E-04  1.4395404E-04  1.4292715E-01
   na24     24   0.0000000E+00  0.0000000E+00  0.0000000E+00  0.0000000E+00  0.0000000E+00  0.0000000E+00
   mg23     23   0.0000000E+00  0.0000000E+00  0.0000000E+00  0.0000000E+00  0.0000000E+00  0.0000000E+00
   mg24     24  -1.4913910E-06  1.0435351E-02  1.0436842E-02  2.5361146E-03  2.5366620E-03 -9.3728986E-05
   mg25     25  -3.2699906E-05  1.3436400E-03  1.3763399E-03  3.2654629E-04  3.3451777E-04 -1.0474443E-02
   mg26     26   3.3883590E-05  1.6098466E-03  1.5759630E-03  3.9124276E-04  3.8303593E-04  9.2068096E-03
   mg27     27   0.0000000E+00  0.0000000E+00  0.0000000E+00  0.0000000E+00  0.0000000E+00  0.0000000E+00
   al25     25   0.0000000E+00  0.0000000E+00  0.0000000E+00  0.0000000E+00  0.0000000E+00  0.0000000E+00
   al-6     26   8.0488581E-07  8.0488581E-07  0.0000000E+00  1.9561227E-07  0.0000000E+00  0.0000000E+00
   al*6     26   0.0000000E+00  0.0000000E+00  0.0000000E+00  0.0000000E+00  0.0000000E+00  0.0000000E+00
   al27     27   1.2625894E-06  1.0062375E-03  1.0049749E-03  2.4454700E-04  2.4425796E-04  5.1361345E-04
   al28     28   0.0000000E+00  0.0000000E+00  0.0000000E+00  0.0000000E+00  0.0000000E+00  0.0000000E+00
   si27     27   0.0000000E+00  0.0000000E+00  0.0000000E+00  0.0000000E+00  0.0000000E+00  0.0000000E+00
   si28     28   1.6067226E-08  1.1556336E-02  1.1556320E-02  2.8085488E-03  2.8087497E-03 -3.1061455E-05
   si29     29   3.5896331E-09  6.0778625E-04  6.0778266E-04  1.4771095E-04  1.4772085E-04 -2.9100287E-05
   si30     30   1.1609449E-08  4.1446851E-04  4.1445690E-04  1.0072873E-04  1.0073325E-04 -1.9500318E-05
   si31     31   0.0000000E+00  0.0000000E+00  0.0000000E+00  0.0000000E+00  0.0000000E+00  0.0000000E+00
   si32     32   1.6448361E-17  1.6448361E-17  0.0000000E+00  3.9974630E-18  0.0000000E+00  0.0000000E+00
   si33     33   0.0000000E+00  0.0000000E+00  0.0000000E+00  0.0000000E+00  0.0000000E+00  0.0000000E+00
    p29     29   0.0000000E+00  0.0000000E+00  0.0000000E+00  0.0000000E+00  0.0000000E+00  0.0000000E+00
    p30     30   0.0000000E+00  0.0000000E+00  0.0000000E+00  0.0000000E+00  0.0000000E+00  0.0000000E+00
    p31     31   1.1988214E-09  1.1538722E-04  1.1538602E-04  2.8042680E-05  2.8044434E-05 -2.7153124E-05
    p32     32   4.1897261E-21  4.1897261E-21  0.0000000E+00  1.0182337E-21  0.0000000E+00  0.0000000E+00
    p33     33   0.0000000E+00  0.0000000E+00  0.0000000E+00  0.0000000E+00  0.0000000E+00  0.0000000E+00
    p34     34   0.0000000E+00  0.0000000E+00  0.0000000E+00  0.0000000E+00  0.0000000E+00  0.0000000E+00
    s32     32  -1.3117547E-08  5.5378696E-03  5.5378827E-03  1.3458745E-03  1.3459758E-03 -3.2693984E-05
    s33     33   4.4960450E-09  4.5725655E-05  4.5721159E-05  1.1112756E-05  1.1112473E-05  1.1039496E-05
    s34     34   4.3411506E-10  2.6590254E-04  2.6590211E-04  6.4622583E-05  6.4627190E-05 -3.0956238E-05
    s35     35   3.6641597E-11  3.6641597E-11  0.0000000E+00  8.9050470E-12  0.0000000E+00  0.0000000E+00
   fe54     54  -2.8767908E-08  1.3802708E-03  1.3802996E-03  3.3544871E-04  3.3548016E-04 -4.0716839E-05
   fe55     55   1.8789285E-08  1.8789285E-08  0.0000000E+00  4.5663803E-09  0.0000000E+00  0.0000000E+00
   fe56     56  -1.3323607E-07  2.2469802E-02  2.2469935E-02  5.4608602E-03  5.4612908E-03 -3.4240440E-05
   fe57     57   9.9395916E-08  5.2829716E-04  5.2819776E-04  1.2839263E-04  1.2837783E-04  5.0052297E-05
   fe58     58   4.4563136E-08  7.1571505E-05  7.1526942E-05  1.7394101E-05  1.7384538E-05  2.3882718E-04
   fe59     59   2.7282586E-37  2.7282586E-37  0.0000000E+00  6.6305164E-38  0.0000000E+00  0.0000000E+00
   fe60     60   2.0254439E-11  2.0254439E-11  0.0000000E+00  4.9224583E-12  0.0000000E+00  0.0000000E+00
   fe61     61   0.0000000E+00  0.0000000E+00  0.0000000E+00  0.0000000E+00  0.0000000E+00  0.0000000E+00
   co59     59   3.9980861E-09  5.5165963E-05  5.5161965E-05  1.3407044E-05  1.3407050E-05 -1.8916720E-07
   co60     60   8.2355679E-17  8.2355679E-17  0.0000000E+00  2.0014990E-17  0.0000000E+00  0.0000000E+00
   co61     61   0.0000000E+00  0.0000000E+00  0.0000000E+00  0.0000000E+00  0.0000000E+00  0.0000000E+00
   ni58     58  -1.6596484E-08  7.8924198E-04  7.8925858E-04  1.9181033E-04  1.9182835E-04 -4.0797687E-05
   ni59     59   8.1445952E-09  8.1445952E-09  0.0000000E+00  1.9793898E-09  0.0000000E+00  0.0000000E+00
   ni60     60   2.7366630E-10  3.1450814E-04  3.1450787E-04  7.6435255E-05  7.6440762E-05 -3.1287375E-05
   ni61     61   4.4322346E-05  5.8221933E-05  1.3899588E-05  1.4149740E-05  3.3782781E-06  6.2205304E-01
   ni62     62  -4.5040628E-05  2.1614125E-09  4.5042789E-05  5.2529042E-10  1.0947596E-05 -4.3189193E+00
