  species    A      yield       mass(i)_lost    mass(i)_0        <X(i)>         
  X0(i)   log10(<X(i)>/X0(i)) 
      g      1   1.7765281E-06  1.7765281E-06  0.0000000E+00  2.7394842E-07  0.0000000E+00  0.0000000E+00
      n      1   0.0000000E+00  0.0000000E+00  0.0000000E+00  0.0000000E+00  0.0000000E+00  0.0000000E+00
      p      1  -4.9239201E-01  3.1706067E+00  3.6629987E+00  4.8892145E-01  5.6488530E-01 -6.2721182E-02
      d      2   2.1619683E-17  2.1619683E-17  0.0000000E+00  3.3338499E-18  0.0000000E+00  0.0000000E+00
    he3      3   3.3074662E-05  3.3074662E-05  0.0000000E+00  5.1002579E-06  0.0000000E+00  0.0000000E+00
    he4      4   4.8370980E-01  2.9149033E+00  2.4311935E+00  4.4949087E-01  3.7492382E-01  7.8777836E-02
    li7      7  -2.5282386E-07  2.0281357E-11  2.5284414E-07  3.1274741E-12  3.8992080E-08 -4.0957827E+00
    be7      7   6.7000525E-07  6.7000525E-07  0.0000000E+00  1.0331775E-07  0.0000000E+00  0.0000000E+00
     b8      8   3.8670623E-22  3.8670623E-22  0.0000000E+00  5.9631796E-23  0.0000000E+00  0.0000000E+00
    c12     12  -4.9264391E-02  2.0350550E-02  6.9614941E-02  3.1381440E-03  1.0735591E-02 -5.3415309E-01
    c13     13   5.0672004E-03  5.9107968E-03  8.4359642E-04  9.1147077E-04  1.3009429E-04  8.4548452E-01
    c14     14   1.5245696E-07  1.5245696E-07  0.0000000E+00  2.3509532E-08  0.0000000E+00  0.0000000E+00
    n13     13   0.0000000E+00  0.0000000E+00  0.0000000E+00  0.0000000E+00  0.0000000E+00  0.0000000E+00
    n14     14   7.8685750E-02  9.9268042E-02  2.0582292E-02  1.5307567E-02  3.1740754E-03  6.8328894E-01
    n15     15  -3.4200536E-05  1.6496107E-05  5.0696643E-05  2.5437720E-06  7.8181268E-06 -4.8762452E-01
    o14     14   0.0000000E+00  0.0000000E+00  0.0000000E+00  0.0000000E+00  0.0000000E+00  0.0000000E+00
    o15     15   0.0000000E+00  0.0000000E+00  0.0000000E+00  0.0000000E+00  0.0000000E+00  0.0000000E+00
    o16     16  -2.6421327E-02  1.4168058E-01  1.6810191E-01  2.1847766E-02  2.5923650E-02 -7.4289103E-02
    o17     17   2.2145889E-04  2.8931615E-04  6.7857255E-05  4.4613818E-05  1.0464532E-05  6.2974960E-01
    o18     18  -3.7386700E-04  4.3622885E-06  3.7822929E-04  6.7268401E-07  5.8328212E-05 -1.9380676E+00
    o19     19   0.0000000E+00  0.0000000E+00  0.0000000E+00  0.0000000E+00  0.0000000E+00  0.0000000E+00
    f17     17   0.0000000E+00  0.0000000E+00  0.0000000E+00  0.0000000E+00  0.0000000E+00  0.0000000E+00
    f18     18   0.0000000E+00  0.0000000E+00  0.0000000E+00  0.0000000E+00  0.0000000E+00  0.0000000E+00
    f19     19  -2.0975368E-06  8.7944335E-06  1.0891970E-05  1.3561402E-06  1.6796932E-06 -9.2925369E-02
    f20     20   0.0000000E+00  0.0000000E+00  0.0000000E+00  0.0000000E+00  0.0000000E+00  0.0000000E+00
   ne19     19   0.0000000E+00  0.0000000E+00  0.0000000E+00  0.0000000E+00  0.0000000E+00  0.0000000E+00
   ne20     20  -2.2424237E-05  3.4460514E-02  3.4482938E-02  5.3139623E-03  5.3177482E-03 -3.0930222E-04
   ne21     21  -2.4602812E-05  6.2190801E-05  8.6793613E-05  9.5900940E-06  1.3384781E-05 -1.4478841E-01
   ne22     22   1.9863772E-05  2.8089736E-03  2.7891098E-03  4.3315604E-04  4.3011949E-04  3.0552526E-03
   ne23     23   0.0000000E+00  0.0000000E+00  0.0000000E+00  0.0000000E+00  0.0000000E+00  0.0000000E+00
   na21     21   0.0000000E+00  0.0000000E+00  0.0000000E+00  0.0000000E+00  0.0000000E+00  0.0000000E+00
   na22     22   2.5690365E-09  2.5690365E-09  0.0000000E+00  3.9615669E-10  0.0000000E+00  0.0000000E+00
   na23     23   5.9422128E-04  1.5276913E-03  9.3347000E-04  2.3557669E-04  1.4395404E-04  2.1390845E-01
   na24     24   0.0000000E+00  0.0000000E+00  0.0000000E+00  0.0000000E+00  0.0000000E+00  0.0000000E+00
   mg23     23   0.0000000E+00  0.0000000E+00  0.0000000E+00  0.0000000E+00  0.0000000E+00  0.0000000E+00
   mg24     24  -1.0855308E-04  1.6340432E-02  1.6448985E-02  2.5197662E-03  2.5366620E-03 -2.9023617E-03
   mg25     25  -1.3842551E-05  2.1553380E-03  2.1691805E-03  3.3236256E-04  3.3451777E-04 -2.8071049E-03
   mg26     26   2.2128569E-04  2.7050822E-03  2.4837965E-03  4.1713552E-04  3.8303593E-04  3.7037666E-02
   mg27     27   0.0000000E+00  0.0000000E+00  0.0000000E+00  0.0000000E+00  0.0000000E+00  0.0000000E+00
   al25     25   0.0000000E+00  0.0000000E+00  0.0000000E+00  0.0000000E+00  0.0000000E+00  0.0000000E+00
   al-6     26   1.5807145E-05  1.5807145E-05  0.0000000E+00  2.4375311E-06  0.0000000E+00  0.0000000E+00
   al*6     26   0.0000000E+00  0.0000000E+00  0.0000000E+00  0.0000000E+00  0.0000000E+00  0.0000000E+00
   al27     27   3.4896774E-05  1.6187875E-03  1.5838907E-03  2.4962413E-04  2.4425796E-04  9.4378374E-03
   al28     28   0.0000000E+00  0.0000000E+00  0.0000000E+00  0.0000000E+00  0.0000000E+00  0.0000000E+00
   si27     27   0.0000000E+00  0.0000000E+00  0.0000000E+00  0.0000000E+00  0.0000000E+00  0.0000000E+00
   si28     28   1.7991563E-05  1.8231329E-02  1.8213338E-02  2.8113508E-03  2.8087497E-03  4.0200569E-04
   si29     29   1.4256273E-06  9.5932148E-04  9.5789585E-04  1.4793158E-04  1.4772085E-04  6.1908700E-04
   si30     30   1.0251089E-05  6.6345587E-04  6.5320478E-04  1.0230780E-04  1.0073325E-04  6.7358976E-03
   si31     31   0.0000000E+00  0.0000000E+00  0.0000000E+00  0.0000000E+00  0.0000000E+00  0.0000000E+00
   si32     32   5.3927208E-11  5.3927208E-11  0.0000000E+00  8.3158118E-12  0.0000000E+00  0.0000000E+00
   si33     33   0.0000000E+00  0.0000000E+00  0.0000000E+00  0.0000000E+00  0.0000000E+00  0.0000000E+00
    p29     29   0.0000000E+00  0.0000000E+00  0.0000000E+00  0.0000000E+00  0.0000000E+00  0.0000000E+00
    p30     30   0.0000000E+00  0.0000000E+00  0.0000000E+00  0.0000000E+00  0.0000000E+00  0.0000000E+00
    p31     31   1.4933413E-06  1.8334747E-04  1.8185413E-04  2.8272984E-05  2.8044434E-05  3.5249672E-03
    p32     32   1.3736336E-14  1.3736336E-14  0.0000000E+00  2.1182033E-15  0.0000000E+00  0.0000000E+00
    p33     33   3.8175225E-22  3.8175225E-22  0.0000000E+00  5.8867870E-23  0.0000000E+00  0.0000000E+00
    p34     34   0.0000000E+00  0.0000000E+00  0.0000000E+00  0.0000000E+00  0.0000000E+00  0.0000000E+00
    s32     32   8.4939876E-06  8.7364739E-03  8.7279799E-03  1.3472026E-03  1.3459758E-03  3.9565689E-04
    s33     33   1.3458207E-07  7.2193414E-05  7.2058832E-05  1.1132541E-05  1.1112473E-05  7.8357311E-04
    s34     34   3.0015383E-07  4.1937517E-04  4.1907501E-04  6.4669489E-05  6.4627190E-05  2.8415425E-04
    s35     35   1.7058067E-08  1.7058067E-08  0.0000000E+00  2.6304287E-09  0.0000000E+00  0.0000000E+00
   fe54     54  -6.8231503E-06  2.1685979E-03  2.1754211E-03  3.3440730E-04  3.3548016E-04 -1.3910826E-03
   fe55     55   4.7673295E-06  4.7673295E-06  0.0000000E+00  7.3514310E-07  0.0000000E+00  0.0000000E+00
   fe56     56  -2.5250160E-05  3.5388490E-02  3.5413740E-02  5.4570603E-03  5.4612908E-03 -3.3655328E-04
   fe57     57   1.3021533E-05  8.4548760E-04  8.3246606E-04  1.3037789E-04  1.2837783E-04  6.7139138E-03
   fe58     58   1.5246461E-05  1.2797650E-04  1.1273004E-04  1.9734537E-05  1.7384538E-05  5.5063785E-02
   fe59     59   7.0083505E-19  7.0083505E-19  0.0000000E+00  1.0807184E-19  0.0000000E+00  0.0000000E+00
   fe60     60   1.1804812E-06  1.1804812E-06  0.0000000E+00  1.8203538E-07  0.0000000E+00  0.0000000E+00
   fe61     61   0.0000000E+00  0.0000000E+00  0.0000000E+00  0.0000000E+00  0.0000000E+00  0.0000000E+00
   co59     59   4.1695450E-06  9.1107559E-05  8.6938014E-05  1.4049185E-05  1.3407050E-05  2.0317907E-02
   co60     60   4.6866723E-09  4.6866723E-09  0.0000000E+00  7.2270541E-10  0.0000000E+00  0.0000000E+00
   co61     61   0.0000000E+00  0.0000000E+00  0.0000000E+00  0.0000000E+00  0.0000000E+00  0.0000000E+00
   ni58     58  -2.5734258E-06  1.2413375E-03  1.2439110E-03  1.9141969E-04  1.9182835E-04 -9.2619592E-04
   ni59     59   1.5935161E-07  1.5935161E-07  0.0000000E+00  2.4572717E-08  0.0000000E+00  0.0000000E+00
   ni60     60   5.3659316E-07  4.9621671E-04  4.9568012E-04  7.6518792E-05  7.6440762E-05  4.4309764E-04
   ni61     61   7.8174717E-05  1.0008116E-04  2.1906445E-05  1.5432954E-05  3.3782781E-06  6.5975365E-01
   ni62     62  -7.0987476E-05  2.2109782E-09  7.0989687E-05  3.4094253E-10  1.0947596E-05 -4.5066376E+00
