  species    A      yield       mass(i)_lost    mass(i)_0        <X(i)>         
  X0(i)   log10(<X(i)>/X0(i)) 
      g      1   6.3969464E-07  6.3969464E-07  0.0000000E+00  2.9323614E-07  0.0000000E+00  0.0000000E+00
      n      1   0.0000000E+00  0.0000000E+00  0.0000000E+00  0.0000000E+00  0.0000000E+00  0.0000000E+00
      p      1  -1.6411280E-02  9.4521635E-01  9.6162763E-01  4.3328735E-01  4.4085070E-01 -7.5155257E-03
      d      2   6.2328075E-18  6.2328075E-18  0.0000000E+00  2.8571201E-18  0.0000000E+00  0.0000000E+00
    he3      3   6.0852915E-05  6.0852915E-05  0.0000000E+00  2.7894987E-05  0.0000000E+00  0.0000000E+00
    he4      4   1.4339504E-02  1.0152177E+00  1.0008782E+00  4.6537596E-01  4.5884480E-01  6.1381348E-03
    li7      7  -1.4124767E-07  4.8883627E-10  1.4173651E-07  2.2408264E-10  6.4977998E-08 -2.4623581E+00
    be7      7   3.2275874E-10  3.2275874E-10  0.0000000E+00  1.4795267E-10  0.0000000E+00  0.0000000E+00
     b8      8   6.5229673E-21  6.5229673E-21  0.0000000E+00  2.9901294E-21  0.0000000E+00  0.0000000E+00
    c12     12  -1.3221250E-02  2.5802704E-02  3.9023953E-02  1.1827964E-02  1.7890228E-02 -1.7970587E-01
    c13     13   9.0790315E-04  1.3807969E-03  4.7289376E-04  6.3295756E-04  2.1679446E-04  4.6532641E-01
    c14     14   1.0643080E-28  1.0643080E-28  0.0000000E+00  4.8787898E-29  0.0000000E+00  0.0000000E+00
    n13     13   0.0000000E+00  0.0000000E+00  0.0000000E+00  0.0000000E+00  0.0000000E+00  0.0000000E+00
    n14     14   1.5366071E-02  2.6903859E-02  1.1537789E-02  1.2332734E-02  5.2894093E-03  3.6765219E-01
    n15     15  -1.4057630E-05  1.4361319E-05  2.8418949E-05  6.5832312E-06  1.3028446E-05 -2.9645351E-01
    o14     14   0.0000000E+00  0.0000000E+00  0.0000000E+00  0.0000000E+00  0.0000000E+00  0.0000000E+00
    o15     15   0.0000000E+00  0.0000000E+00  0.0000000E+00  0.0000000E+00  0.0000000E+00  0.0000000E+00
    o16     16  -1.1173965E-03  9.3115270E-02  9.4232666E-02  4.2684057E-02  4.3200232E-02 -5.2203914E-03
    o17     17   1.3868465E-04  1.7672331E-04  3.8038651E-05  8.1009996E-05  1.7438524E-05  6.6702890E-01
    o18     18  -5.3858170E-05  1.5816532E-04  2.1202349E-04  7.2503012E-05  9.7200518E-05 -1.2731253E-01
    o19     19   0.0000000E+00  0.0000000E+00  0.0000000E+00  0.0000000E+00  0.0000000E+00  0.0000000E+00
    f17     17   0.0000000E+00  0.0000000E+00  0.0000000E+00  0.0000000E+00  0.0000000E+00  0.0000000E+00
    f18     18   0.0000000E+00  0.0000000E+00  0.0000000E+00  0.0000000E+00  0.0000000E+00  0.0000000E+00
    f19     19  -1.4009654E-07  5.9656005E-06  6.1056970E-06  2.7346324E-06  2.7991093E-06 -1.0120902E-02
    f20     20   0.0000000E+00  0.0000000E+00  0.0000000E+00  0.0000000E+00  0.0000000E+00  0.0000000E+00
   ne19     19   0.0000000E+00  0.0000000E+00  0.0000000E+00  0.0000000E+00  0.0000000E+00  0.0000000E+00
   ne20     20  -7.8644756E-07  1.9329271E-02  1.9330057E-02  8.8605413E-03  8.8617142E-03 -5.7487684E-05
   ne21     21   9.2025999E-07  4.9574044E-05  4.8653784E-05  2.2724751E-05  2.2304948E-05  8.0979071E-03
   ne22     22  -9.9327576E-05  1.4641602E-03  1.5634877E-03  6.7117129E-04  7.1676878E-04 -2.8545712E-02
   ne23     23   0.0000000E+00  0.0000000E+00  0.0000000E+00  0.0000000E+00  0.0000000E+00  0.0000000E+00
   na21     21   0.0000000E+00  0.0000000E+00  0.0000000E+00  0.0000000E+00  0.0000000E+00  0.0000000E+00
   na22     22   2.0391775E-28  2.0391775E-28  0.0000000E+00  9.3475935E-29  0.0000000E+00  0.0000000E+00
   na23     23   1.0380732E-04  6.2708138E-04  5.2327406E-04  2.8745422E-04  2.3989092E-04  7.8554878E-02
   na24     24   0.0000000E+00  0.0000000E+00  0.0000000E+00  0.0000000E+00  0.0000000E+00  0.0000000E+00
   mg23     23   0.0000000E+00  0.0000000E+00  0.0000000E+00  0.0000000E+00  0.0000000E+00  0.0000000E+00
   mg24     24   2.6683980E-08  9.2208121E-03  9.2207854E-03  4.2268220E-03  4.2271973E-03 -3.8561159E-05
   mg25     25  -4.9590397E-06  1.2110156E-03  1.2159747E-03  5.5512979E-04  5.5745413E-04 -1.8145977E-03
   mg26     26   5.0472075E-06  1.3973857E-03  1.3923385E-03  6.4056188E-04  6.3830676E-04  1.5316469E-03
   mg27     27   0.0000000E+00  0.0000000E+00  0.0000000E+00  0.0000000E+00  0.0000000E+00  0.0000000E+00
   al25     25   0.0000000E+00  0.0000000E+00  0.0000000E+00  0.0000000E+00  0.0000000E+00  0.0000000E+00
   al-6     26   6.9070370E-08  6.9070370E-08  0.0000000E+00  3.1661870E-08  0.0000000E+00  0.0000000E+00
   al*6     26   0.0000000E+00  0.0000000E+00  0.0000000E+00  0.0000000E+00  0.0000000E+00  0.0000000E+00
   al27     27   5.2256119E-08  8.8793181E-04  8.8787956E-04  4.0702811E-04  4.0704147E-04 -1.4258326E-05
   al28     28   0.0000000E+00  0.0000000E+00  0.0000000E+00  0.0000000E+00  0.0000000E+00  0.0000000E+00
   si27     27   0.0000000E+00  0.0000000E+00  0.0000000E+00  0.0000000E+00  0.0000000E+00  0.0000000E+00
   si28     28   2.9290422E-08  1.0209856E-02  1.0209827E-02  4.6801998E-03  4.6806155E-03 -3.8572037E-05
   si29     29   1.5493887E-09  5.3696796E-04  5.3696642E-04  2.4614621E-04  2.4616807E-04 -3.8564827E-05
   si30     30   1.0074814E-09  3.6616718E-04  3.6616617E-04  1.6785110E-04  1.6786603E-04 -3.8623029E-05
   si31     31   0.0000000E+00  0.0000000E+00  0.0000000E+00  0.0000000E+00  0.0000000E+00  0.0000000E+00
   si32     32   0.0000000E+00  0.0000000E+00  0.0000000E+00  0.0000000E+00  0.0000000E+00  0.0000000E+00
   si33     33   0.0000000E+00  0.0000000E+00  0.0000000E+00  0.0000000E+00  0.0000000E+00  0.0000000E+00
    p29     29   0.0000000E+00  0.0000000E+00  0.0000000E+00  0.0000000E+00  0.0000000E+00  0.0000000E+00
    p30     30   0.0000000E+00  0.0000000E+00  0.0000000E+00  0.0000000E+00  0.0000000E+00  0.0000000E+00
    p31     31   3.0400631E-10  1.0194203E-04  1.0194173E-04  4.6730246E-05  4.6734391E-05 -3.8522827E-05
    p32     32   0.0000000E+00  0.0000000E+00  0.0000000E+00  0.0000000E+00  0.0000000E+00  0.0000000E+00
    p33     33   0.0000000E+00  0.0000000E+00  0.0000000E+00  0.0000000E+00  0.0000000E+00  0.0000000E+00
    p34     34   0.0000000E+00  0.0000000E+00  0.0000000E+00  0.0000000E+00  0.0000000E+00  0.0000000E+00
    s32     32   1.3677339E-08  4.8926459E-03  4.8926322E-03  2.2427898E-03  2.2429892E-03 -3.8603892E-05
    s33     33   1.1442144E-10  4.0394038E-05  4.0393923E-05  1.8516634E-05  1.8518280E-05 -3.8587761E-05
    s34     34   6.5987982E-10  2.3492098E-04  2.3492032E-04  1.0768782E-04  1.0769739E-04 -3.8598049E-05
    s35     35   2.5360569E-20  2.5360569E-20  0.0000000E+00  1.1625289E-20  0.0000000E+00  0.0000000E+00
   fe54     54   3.4149627E-09  1.2194764E-03  1.2194730E-03  5.5900821E-04  5.5905790E-04 -3.8601780E-05
   fe55     55   3.2530122E-17  3.2530122E-17  0.0000000E+00  1.4911814E-17  0.0000000E+00  0.0000000E+00
   fe56     56   5.7395968E-08  1.9851891E-02  1.9851833E-02  9.1001103E-03  9.1009184E-03 -3.8562321E-05
   fe57     57   1.3300061E-09  4.6665572E-04  4.6665439E-04  2.1391507E-04  2.1393407E-04 -3.8580184E-05
   fe58     58   1.7960231E-10  6.3193105E-05  6.3192925E-05  2.8967731E-05  2.8970305E-05 -3.8583641E-05
   fe59     59   0.0000000E+00  0.0000000E+00  0.0000000E+00  0.0000000E+00  0.0000000E+00  0.0000000E+00
   fe60     60   0.0000000E+00  0.0000000E+00  0.0000000E+00  0.0000000E+00  0.0000000E+00  0.0000000E+00
   fe61     61   0.0000000E+00  0.0000000E+00  0.0000000E+00  0.0000000E+00  0.0000000E+00  0.0000000E+00
   co59     59   1.3509428E-10  4.8734866E-05  4.8734731E-05  2.2340072E-05  2.2342058E-05 -3.8614082E-05
   co60     60   1.4943494E-37  1.4943494E-37  0.0000000E+00  6.8501004E-38  0.0000000E+00  0.0000000E+00
   co61     61   0.0000000E+00  0.0000000E+00  0.0000000E+00  0.0000000E+00  0.0000000E+00  0.0000000E+00
   ni58     58   2.0236884E-09  6.9729955E-04  6.9729752E-04  3.1964224E-04  3.1967062E-04 -3.8557557E-05
   ni59     59   6.7431527E-25  6.7431527E-25  0.0000000E+00  3.0910624E-25  0.0000000E+00  0.0000000E+00
   ni60     60   7.7196720E-10  2.7786352E-04  2.7786275E-04  1.2737269E-04  1.2738401E-04 -3.8611390E-05
   ni61     61   3.9021408E-05  5.1301474E-05  1.2280067E-05  2.3516605E-05  5.6297009E-06  6.2088930E-01
   ni62     62  -3.9660955E-05  1.3364292E-07  3.9794598E-05  6.1261938E-08  1.8243524E-05 -2.4739180E+00
