  species    A      yield       mass(i)_lost    mass(i)_0        <X(i)>         
  X0(i)   log10(<X(i)>/X0(i)) 
      g      1   1.8824911E-06  1.8824911E-06  0.0000000E+00  2.7822395E-07  0.0000000E+00  0.0000000E+00
      n      1   0.0000000E+00  0.0000000E+00  0.0000000E+00  0.0000000E+00  0.0000000E+00  0.0000000E+00
      p      1  -5.0193226E-01  2.4807313E+00  2.9826636E+00  3.6664124E-01  4.4085070E-01 -8.0050216E-02
      d      2   2.2988101E-17  2.2988101E-17  0.0000000E+00  3.3975408E-18  0.0000000E+00  0.0000000E+00
    he3      3   1.9343703E-05  1.9343703E-05  0.0000000E+00  2.8589148E-06  0.0000000E+00  0.0000000E+00
    he4      4   4.9693223E-01  3.6013385E+00  3.1044063E+00  5.3226209E-01  4.5884480E-01  6.4459717E-02
    li7      7  -4.0671284E-07  3.2908802E-08  4.3962164E-07  4.8637771E-09  6.4977998E-08 -1.1257927E+00
    be7      7   1.4906501E-15  1.4906501E-15  0.0000000E+00  2.2031157E-16  0.0000000E+00  0.0000000E+00
     b8      8   3.7914937E-32  3.7914937E-32  0.0000000E+00  5.6036619E-33  0.0000000E+00  0.0000000E+00
    c12     12  -5.5512975E-02  6.5526938E-02  1.2103991E-01  9.6845949E-03  1.7890228E-02 -2.6653440E-01
    c13     13   2.3358350E-03  3.8026013E-03  1.4667663E-03  5.6200785E-04  2.1679446E-04  4.1369420E-01
    c14     14   1.0656932E-10  1.0656932E-10  0.0000000E+00  1.5750480E-11  0.0000000E+00  0.0000000E+00
    n13     13   0.0000000E+00  0.0000000E+00  0.0000000E+00  0.0000000E+00  0.0000000E+00  0.0000000E+00
    n14     14   9.7479663E-02  1.3326622E-01  3.5786557E-02  1.9696165E-02  5.2894093E-03  5.7097449E-01
    n15     15  -5.3065537E-05  3.5081019E-05  8.8146556E-05  5.1848213E-06  1.3028446E-05 -4.0015882E-01
    o14     14   0.0000000E+00  0.0000000E+00  0.0000000E+00  0.0000000E+00  0.0000000E+00  0.0000000E+00
    o15     15   0.0000000E+00  0.0000000E+00  0.0000000E+00  0.0000000E+00  0.0000000E+00  0.0000000E+00
    o16     16  -4.1024336E-02  2.5125547E-01  2.9227981E-01  3.7134461E-02  4.3200232E-02 -6.5708960E-02
    o17     17   2.5793959E-04  3.7592340E-04  1.1798382E-04  5.5559836E-05  1.7438524E-05  5.0325124E-01
    o18     18   1.1061550E-03  1.7637846E-03  6.5762955E-04  2.6067965E-04  9.7200518E-05  4.2843854E-01
    o19     19   0.0000000E+00  0.0000000E+00  0.0000000E+00  0.0000000E+00  0.0000000E+00  0.0000000E+00
    f17     17   0.0000000E+00  0.0000000E+00  0.0000000E+00  0.0000000E+00  0.0000000E+00  0.0000000E+00
    f18     18   0.0000000E+00  0.0000000E+00  0.0000000E+00  0.0000000E+00  0.0000000E+00  0.0000000E+00
    f19     19  -3.8530792E-06  1.5084854E-05  1.8937934E-05  2.2294755E-06  2.7991093E-06 -9.8817143E-02
    f20     20   0.0000000E+00  0.0000000E+00  0.0000000E+00  0.0000000E+00  0.0000000E+00  0.0000000E+00
   ne19     19   0.0000000E+00  0.0000000E+00  0.0000000E+00  0.0000000E+00  0.0000000E+00  0.0000000E+00
   ne20     20  -6.1326441E-06  5.9949567E-02  5.9955700E-02  8.8602839E-03  8.8617142E-03 -7.0100118E-05
   ne21     21   3.9988037E-05  1.9089663E-04  1.5090859E-04  2.8213687E-05  2.2304948E-05  1.0205862E-01
   ne22     22  -9.0103297E-04  3.9484096E-03  4.8494425E-03  5.8355767E-04  7.1676878E-04 -8.9295297E-02
   ne23     23   0.0000000E+00  0.0000000E+00  0.0000000E+00  0.0000000E+00  0.0000000E+00  0.0000000E+00
   na21     21   0.0000000E+00  0.0000000E+00  0.0000000E+00  0.0000000E+00  0.0000000E+00  0.0000000E+00
   na22     22   0.0000000E+00  0.0000000E+00  0.0000000E+00  0.0000000E+00  0.0000000E+00  0.0000000E+00
   na23     23   1.1547429E-03  2.7777729E-03  1.6230300E-03  4.1054269E-04  2.3989092E-04  2.3334451E-01
   na24     24   0.0000000E+00  0.0000000E+00  0.0000000E+00  0.0000000E+00  0.0000000E+00  0.0000000E+00
   mg23     23   0.0000000E+00  0.0000000E+00  0.0000000E+00  0.0000000E+00  0.0000000E+00  0.0000000E+00
   mg24     24   1.8200256E-05  2.8618149E-02  2.8599949E-02  4.2296373E-03  4.2271973E-03  2.5061021E-04
   mg25     25  -2.4819211E-04  3.5233753E-03  3.7715674E-03  5.2073946E-04  5.5745413E-04 -2.9588645E-02
   mg26     26   2.3827124E-04  4.5568633E-03  4.3185920E-03  6.7348447E-04  6.3830676E-04  2.3298143E-02
   mg27     27   0.0000000E+00  0.0000000E+00  0.0000000E+00  0.0000000E+00  0.0000000E+00  0.0000000E+00
   al25     25   0.0000000E+00  0.0000000E+00  0.0000000E+00  0.0000000E+00  0.0000000E+00  0.0000000E+00
   al-6     26   2.1794087E-05  2.1794087E-05  0.0000000E+00  3.2210707E-06  0.0000000E+00  0.0000000E+00
   al*6     26   0.0000000E+00  0.0000000E+00  0.0000000E+00  0.0000000E+00  0.0000000E+00  0.0000000E+00
   al27     27   4.1526303E-06  2.7580731E-03  2.7539205E-03  4.0763115E-04  4.0704147E-04  6.2870292E-04
   al28     28   0.0000000E+00  0.0000000E+00  0.0000000E+00  0.0000000E+00  0.0000000E+00  0.0000000E+00
   si27     27   0.0000000E+00  0.0000000E+00  0.0000000E+00  0.0000000E+00  0.0000000E+00  0.0000000E+00
   si28     28   1.8981950E-05  3.1686622E-02  3.1667640E-02  4.6831443E-03  4.6806155E-03  2.3456766E-04
   si29     29   5.6241711E-07  1.6660617E-03  1.6654993E-03  2.4623664E-04  2.4616807E-04  1.2095526E-04
   si30     30   1.8612908E-06  1.1375925E-03  1.1357312E-03  1.6813120E-04  1.6786603E-04  6.8548458E-04
   si31     31   0.0000000E+00  0.0000000E+00  0.0000000E+00  0.0000000E+00  0.0000000E+00  0.0000000E+00
   si32     32   9.0883026E-31  9.0883026E-31  0.0000000E+00  1.3432114E-31  0.0000000E+00  0.0000000E+00
   si33     33   0.0000000E+00  0.0000000E+00  0.0000000E+00  0.0000000E+00  0.0000000E+00  0.0000000E+00
    p29     29   0.0000000E+00  0.0000000E+00  0.0000000E+00  0.0000000E+00  0.0000000E+00  0.0000000E+00
    p30     30   0.0000000E+00  0.0000000E+00  0.0000000E+00  0.0000000E+00  0.0000000E+00  0.0000000E+00
    p31     31   1.0591629E-06  3.1725003E-04  3.1619087E-04  4.6888168E-05  4.6734391E-05  1.4266747E-03
    p32     32   2.3149724E-34  2.3149724E-34  0.0000000E+00  3.4214280E-35  0.0000000E+00  0.0000000E+00
    p33     33   0.0000000E+00  0.0000000E+00  0.0000000E+00  0.0000000E+00  0.0000000E+00  0.0000000E+00
    p34     34   0.0000000E+00  0.0000000E+00  0.0000000E+00  0.0000000E+00  0.0000000E+00  0.0000000E+00
    s32     32   7.5645824E-06  1.5182956E-02  1.5175392E-02  2.2439746E-03  2.2429892E-03  1.9075634E-04
    s33     33  -1.3448894E-07  1.2515464E-04  1.2528912E-04  1.8497308E-05  1.8518280E-05 -4.9211003E-04
    s34     34   4.5357617E-07  7.2910183E-04  7.2864826E-04  1.0775806E-04  1.0769739E-04  2.4458432E-04
    s35     35   8.1841807E-09  8.1841807E-09  0.0000000E+00  1.2095861E-09  0.0000000E+00  0.0000000E+00
   fe54     54  -1.1505982E-05  3.7709120E-03  3.7824180E-03  5.5732431E-04  5.5905790E-04 -1.3487975E-03
   fe55     55   1.3061937E-05  1.3061937E-05  0.0000000E+00  1.9304972E-06  0.0000000E+00  0.0000000E+00
   fe56     56   1.1262158E-05  6.1585346E-02  6.1574084E-02  9.1020449E-03  9.1009184E-03  5.3751526E-05
   fe57     57   2.0412085E-05  1.4678258E-03  1.4474137E-03  2.1693824E-04  2.1393407E-04  6.0561579E-03
   fe58     58   6.1746112E-06  2.0217900E-04  1.9600439E-04  2.9881172E-05  2.8970305E-05  1.3444573E-02
   fe59     59   0.0000000E+00  0.0000000E+00  0.0000000E+00  0.0000000E+00  0.0000000E+00  0.0000000E+00
   fe60     60   4.1102411E-15  4.1102411E-15  0.0000000E+00  6.0747566E-16  0.0000000E+00  0.0000000E+00
   fe61     61   0.0000000E+00  0.0000000E+00  0.0000000E+00  0.0000000E+00  0.0000000E+00  0.0000000E+00
   co59     59   3.2066522E-06  1.5436631E-04  1.5115966E-04  2.2814666E-05  2.2342058E-05  9.0909470E-03
   co60     60   8.2498502E-21  8.2498502E-21  0.0000000E+00  1.2192918E-21  0.0000000E+00  0.0000000E+00
   co61     61   0.0000000E+00  0.0000000E+00  0.0000000E+00  0.0000000E+00  0.0000000E+00  0.0000000E+00
   ni58     58  -2.4887832E-06  2.1603067E-03  2.1627955E-03  3.1928389E-04  3.1967062E-04 -5.2571683E-04
   ni59     59   1.6083996E-07  1.6083996E-07  0.0000000E+00  2.3771444E-08  0.0000000E+00  0.0000000E+00
   ni60     60  -1.1966435E-06  8.6064538E-04  8.6184202E-04  1.2719962E-04  1.2738401E-04 -6.2910024E-04
   ni61     61   1.1648914E-04  1.5457801E-04  3.8088868E-05  2.2845954E-05  5.6297009E-06  6.0832398E-01
   ni62     62  -1.1578033E-04  7.6498820E-06  1.2343021E-04  1.1306191E-06  1.8243524E-05 -1.2077924E+00
