  species    A      yield       mass(i)_lost    mass(i)_0        <X(i)>         
  X0(i)   log10(<X(i)>/X0(i)) 
      g      1   1.8866999E-06  1.8866999E-06  0.0000000E+00  2.9612014E-07  0.0000000E+00  0.0000000E+00
      n      1   0.0000000E+00  0.0000000E+00  0.0000000E+00  0.0000000E+00  0.0000000E+00  0.0000000E+00
      p      1  -4.5519339E-01  2.3534664E+00  2.8086598E+00  3.6937979E-01  4.4085070E-01 -7.6818400E-02
      d      2   1.5640681E-17  1.5640681E-17  0.0000000E+00  2.4548263E-18  0.0000000E+00  0.0000000E+00
    he3      3   2.0584905E-05  2.0584905E-05  0.0000000E+00  3.2308291E-06  0.0000000E+00  0.0000000E+00
    he4      4   4.5000334E-01  3.3733036E+00  2.9233002E+00  5.2944464E-01  4.5884480E-01  6.2154739E-02
    li7      7  -4.1393435E-07  4.0475960E-11  4.1397483E-07  6.3527577E-12  6.4977998E-08 -4.0098040E+00
    be7      7   4.6565271E-07  4.6565271E-07  0.0000000E+00  7.3084834E-08  0.0000000E+00  0.0000000E+00
     b8      8   1.6251551E-22  1.6251551E-22  0.0000000E+00  2.5507033E-23  0.0000000E+00  0.0000000E+00
    c12     12  -5.3978336E-02  6.0000304E-02  1.1397864E-01  9.4171303E-03  1.7890228E-02 -2.7869729E-01
    c13     13   4.4273823E-03  5.8085798E-03  1.3811975E-03  9.1166459E-04  2.1679446E-04  6.2378691E-01
    c14     14   1.7399714E-11  1.7399714E-11  0.0000000E+00  2.7309091E-12  0.0000000E+00  0.0000000E+00
    n13     13   0.0000000E+00  0.0000000E+00  0.0000000E+00  0.0000000E+00  0.0000000E+00  0.0000000E+00
    n14     14   9.1097522E-02  1.2479635E-01  3.3698827E-02  1.9586959E-02  5.2894093E-03  5.6855983E-01
    n15     15  -7.2200008E-05  1.0804220E-05  8.3004229E-05  1.6957373E-06  1.3028446E-05 -8.8553405E-01
    o14     14   0.0000000E+00  0.0000000E+00  0.0000000E+00  0.0000000E+00  0.0000000E+00  0.0000000E+00
    o15     15   0.0000000E+00  0.0000000E+00  0.0000000E+00  0.0000000E+00  0.0000000E+00  0.0000000E+00
    o16     16  -3.7041501E-02  2.3818718E-01  2.7522868E-01  3.7383805E-02  4.3200232E-02 -6.2802574E-02
    o17     17   2.7983598E-04  3.9093682E-04  1.1110083E-04  6.1358071E-05  1.7438524E-05  5.4636199E-01
    o18     18  -4.2449013E-04  1.9477437E-04  6.1926450E-04  3.0570105E-05  9.7200518E-05 -5.0237164E-01
    o19     19   0.0000000E+00  0.0000000E+00  0.0000000E+00  0.0000000E+00  0.0000000E+00  0.0000000E+00
    f17     17   0.0000000E+00  0.0000000E+00  0.0000000E+00  0.0000000E+00  0.0000000E+00  0.0000000E+00
    f18     18   0.0000000E+00  0.0000000E+00  0.0000000E+00  0.0000000E+00  0.0000000E+00  0.0000000E+00
    f19     19   6.2596020E-07  1.8459085E-05  1.7833125E-05  2.8971788E-06  2.7991093E-06  1.4955454E-02
    f20     20   0.0000000E+00  0.0000000E+00  0.0000000E+00  0.0000000E+00  0.0000000E+00  0.0000000E+00
   ne19     19   0.0000000E+00  0.0000000E+00  0.0000000E+00  0.0000000E+00  0.0000000E+00  0.0000000E+00
   ne20     20  -2.8816666E-05  5.6429165E-02  5.6457981E-02  8.8566350E-03  8.8617142E-03 -2.4899054E-04
   ne21     21   2.9776604E-05  1.7188143E-04  1.4210483E-04  2.6977027E-05  2.2304948E-05  8.2592866E-02
   ne22     22  -1.9503876E-04  4.3714951E-03  4.5665339E-03  6.8611218E-04  7.1676878E-04 -1.8983952E-02
   ne23     23   0.0000000E+00  0.0000000E+00  0.0000000E+00  0.0000000E+00  0.0000000E+00  0.0000000E+00
   na21     21   0.0000000E+00  0.0000000E+00  0.0000000E+00  0.0000000E+00  0.0000000E+00  0.0000000E+00
   na22     22   1.1001837E-08  1.1001837E-08  0.0000000E+00  1.7267534E-09  0.0000000E+00  0.0000000E+00
   na23     23   1.0433290E-03  2.5716741E-03  1.5283451E-03  4.0362779E-04  2.3989092E-04  2.2596725E-01
   na24     24   0.0000000E+00  0.0000000E+00  0.0000000E+00  0.0000000E+00  0.0000000E+00  0.0000000E+00
   mg23     23   0.0000000E+00  0.0000000E+00  0.0000000E+00  0.0000000E+00  0.0000000E+00  0.0000000E+00
   mg24     24   4.9158514E-06  2.6936390E-02  2.6931474E-02  4.2277034E-03  4.2271973E-03  5.1999233E-05
   mg25     25  -2.1977145E-04  3.3317688E-03  3.5515402E-03  5.2292570E-04  5.5745413E-04 -2.7769150E-02
   mg26     26   2.0907453E-04  4.2757269E-03  4.0666524E-03  6.7108122E-04  6.3830676E-04  2.1745643E-02
   mg27     27   0.0000000E+00  0.0000000E+00  0.0000000E+00  0.0000000E+00  0.0000000E+00  0.0000000E+00
   al25     25   0.0000000E+00  0.0000000E+00  0.0000000E+00  0.0000000E+00  0.0000000E+00  0.0000000E+00
   al-6     26   1.7786362E-05  1.7786362E-05  0.0000000E+00  2.7915940E-06  0.0000000E+00  0.0000000E+00
   al*6     26   0.0000000E+00  0.0000000E+00  0.0000000E+00  0.0000000E+00  0.0000000E+00  0.0000000E+00
   al27     27   2.9135234E-06  2.5961747E-03  2.5932612E-03  4.0747320E-04  4.0704147E-04  4.6038892E-04
   al28     28   0.0000000E+00  0.0000000E+00  0.0000000E+00  0.0000000E+00  0.0000000E+00  0.0000000E+00
   si27     27   0.0000000E+00  0.0000000E+00  0.0000000E+00  0.0000000E+00  0.0000000E+00  0.0000000E+00
   si28     28   4.4721103E-06  2.9824674E-02  2.9820201E-02  4.6810236E-03  4.6806155E-03  3.7859789E-05
   si29     29  -1.3575939E-07  1.5682010E-03  1.5683368E-03  2.4613131E-04  2.4616807E-04 -6.4861411E-05
   si30     30   1.1526189E-06  1.0706271E-03  1.0694745E-03  1.6803640E-04  1.6786603E-04  4.4053981E-04
   si31     31   0.0000000E+00  0.0000000E+00  0.0000000E+00  0.0000000E+00  0.0000000E+00  0.0000000E+00
   si32     32   2.6318688E-35  2.6318688E-35  0.0000000E+00  4.1307543E-36  0.0000000E+00  0.0000000E+00
   si33     33   0.0000000E+00  0.0000000E+00  0.0000000E+00  0.0000000E+00  0.0000000E+00  0.0000000E+00
    p29     29   0.0000000E+00  0.0000000E+00  0.0000000E+00  0.0000000E+00  0.0000000E+00  0.0000000E+00
    p30     30   0.0000000E+00  0.0000000E+00  0.0000000E+00  0.0000000E+00  0.0000000E+00  0.0000000E+00
    p31     31   7.8965689E-07  2.9853446E-04  2.9774481E-04  4.6855395E-05  4.6734391E-05  1.1230131E-03
    p32     32   1.6122433E-30  1.6122433E-30  0.0000000E+00  2.5304380E-31  0.0000000E+00  0.0000000E+00
    p33     33   5.5173250E-30  5.5173250E-30  0.0000000E+00  8.6595175E-31  0.0000000E+00  0.0000000E+00
    p34     34   0.0000000E+00  0.0000000E+00  0.0000000E+00  0.0000000E+00  0.0000000E+00  0.0000000E+00
    s32     32   8.5138192E-07  1.4290935E-02  1.4290084E-02  2.2429820E-03  2.2429892E-03 -1.3922549E-06
    s33     33  -1.7329324E-07  1.1780667E-04  1.1797996E-04  1.8489918E-05  1.8518280E-05 -6.6564253E-04
    s34     34   1.1673095E-07  6.8625683E-04  6.8614009E-04  1.0770895E-04  1.0769739E-04  4.6612826E-05
    s35     35   6.9630048E-09  6.9630048E-09  0.0000000E+00  1.0928532E-09  0.0000000E+00  0.0000000E+00
   fe54     54  -1.1193020E-05  3.5505648E-03  3.5617579E-03  5.5726604E-04  5.5905790E-04 -1.3942094E-03
   fe55     55   1.1136789E-05  1.1136789E-05  0.0000000E+00  1.7479343E-06  0.0000000E+00  0.0000000E+00
   fe56     56  -1.3092942E-05  5.7968858E-02  5.7981951E-02  9.0982921E-03  9.1009184E-03 -1.2534549E-04
   fe57     57   1.6792642E-05  1.3797666E-03  1.3629740E-03  2.1655627E-04  2.1393407E-04  5.2908037E-03
   fe58     58   5.1634698E-06  1.8973328E-04  1.8456981E-04  2.9778899E-05  2.8970305E-05  1.1955583E-02
   fe59     59   1.4373478E-25  1.4373478E-25  0.0000000E+00  2.2559371E-26  0.0000000E+00  0.0000000E+00
   fe60     60   3.0239595E-15  3.0239595E-15  0.0000000E+00  4.7461460E-16  0.0000000E+00  0.0000000E+00
   fe61     61   0.0000000E+00  0.0000000E+00  0.0000000E+00  0.0000000E+00  0.0000000E+00  0.0000000E+00
   co59     59   2.7236712E-06  1.4506492E-04  1.4234125E-04  2.2768139E-05  2.2342058E-05  8.2043650E-03
   co60     60   1.1536049E-20  1.1536049E-20  0.0000000E+00  1.8105988E-21  0.0000000E+00  0.0000000E+00
   co61     61   0.0000000E+00  0.0000000E+00  0.0000000E+00  0.0000000E+00  0.0000000E+00  0.0000000E+00
   ni58     58  -2.8914250E-06  2.0337301E-03  2.0366215E-03  3.1919674E-04  3.1967062E-04 -6.4427920E-04
   ni59     59   6.6483842E-08  6.6483842E-08  0.0000000E+00  1.0434731E-08  0.0000000E+00  0.0000000E+00
   ni60     60  -1.3410623E-06  8.1022249E-04  8.1156355E-04  1.2716554E-04  1.2738401E-04 -7.4550647E-04
   ni61     61   1.1648610E-04  1.5235292E-04  3.5866825E-05  2.3912001E-05  5.6297009E-06  6.2813060E-01
   ni62     62  -1.1622899E-04  4.9400187E-10  1.1622949E-04  7.7534274E-11  1.8243524E-05 -5.3716150E+00
