                          6.5M Z=0.001 B95
 Species   Yield       MassExp     ProdFact    E-Yield   E-MassExp  E-ProdFact
      p   -5.558E-01  3.525E+00  -6.361E-02  -5.564E-01  3.524E+00  -6.369E-02
    he3    1.034E-06  1.034E-06   0.000E+00   1.034E-06  1.034E-06   0.000E+00
    he4    5.487E-01  1.905E+00   1.475E-01   5.490E-01  1.905E+00   1.476E-01
    li7   -4.108E-09  1.606E-09  -5.512E-01  -4.108E-09  1.606E-09  -5.512E-01
    c12   -7.647E-05  9.130E-04  -3.496E-02   2.167E-04  1.206E-03   8.597E-02
    c13    1.535E-04  1.647E-04   1.169E+00   1.534E-04  1.646E-04   1.168E+00
    n14    8.553E-03  8.857E-03   1.465E+00   8.551E-03  8.854E-03   1.465E+00
    n15   -7.398E-07  3.884E-07  -4.632E-01  -7.399E-07  3.883E-07  -4.632E-01
    o16   -1.570E-03  1.186E-03  -3.661E-01  -1.559E-03  1.197E-03  -3.623E-01
    o17    5.465E-06  6.520E-06   7.911E-01   5.465E-06  6.519E-06   7.910E-01
    o18   -5.780E-06  9.788E-08  -1.779E+00  -5.780E-06  9.789E-08  -1.779E+00
    f19   -1.254E-07  2.647E-08  -7.589E-01  -1.205E-07  3.138E-08  -6.850E-01
   ne20    7.707E-06  5.001E-04   6.718E-03   7.928E-06  5.004E-04   6.911E-03
   ne21   -1.210E-06  4.688E-08  -1.428E+00  -1.198E-06  5.886E-08  -1.330E+00
   ne22    3.834E-05  7.790E-05   2.943E-01   4.061E-05  8.017E-05   3.067E-01
   na23   -3.346E-06  7.485E-06  -1.605E-01  -3.296E-06  7.534E-06  -1.576E-01
   mg24   -1.512E-04  7.507E-06  -1.325E+00  -1.512E-04  7.535E-06  -1.324E+00
   mg25    1.433E-04  1.642E-04   8.944E-01   1.439E-04  1.649E-04   8.961E-01
   mg26    1.312E-05  3.710E-05   1.896E-01   1.525E-05  3.922E-05   2.138E-01
   al26    1.120E-05  1.120E-05   0.000E+00   1.120E-05  1.120E-05   0.000E+00
   al27    8.652E-06  2.620E-05   1.741E-01   8.677E-06  2.622E-05   1.745E-01
   si28    3.903E-06  2.057E-04   8.295E-03   3.944E-06  2.057E-04   8.381E-03
   si29    1.847E-07  1.077E-05   7.485E-03   1.981E-07  1.078E-05   8.029E-03
   si30    3.302E-07  7.598E-06   1.927E-02   3.620E-07  7.629E-06   2.108E-02
    p31    9.288E-08  2.018E-06   2.044E-02   1.025E-07  2.028E-06   2.250E-02
    s32   -1.841E-07  1.430E-04  -5.850E-04  -1.986E-07  1.430E-04  -6.290E-04
    s33    4.634E-09  1.170E-06   1.697E-03   4.687E-09  1.170E-06   1.717E-03
    s34   -1.860E-07  5.810E-05  -1.414E-03  -1.953E-07  5.809E-05  -1.484E-03
    s35    2.027E-07  2.027E-07   0.000E+00   2.134E-07  2.134E-07   0.000E+00
   fe54   -1.584E-07  2.166E-05  -3.191E-03  -1.622E-07  2.165E-05  -3.268E-03
   fe55    8.327E-08  8.327E-08   0.000E+00   8.326E-08  8.326E-08   0.000E+00
   fe56   -1.096E-06  3.567E-04  -1.358E-03  -1.157E-06  3.567E-04  -1.432E-03
   fe57    1.825E-07  8.915E-06   8.955E-03   1.815E-07  8.914E-06   8.909E-03
   fe58    3.622E-07  1.493E-06   1.206E-01   3.693E-07  1.500E-06   1.227E-01
   fe60    1.948E-07  1.948E-07   0.000E+00   2.158E-07  2.158E-07   0.000E+00
   co59    1.413E-07  1.222E-06   5.333E-02   1.450E-07  1.226E-06   5.465E-02
   ni58   -8.154E-08  1.543E-05  -2.315E-03  -8.425E-08  1.542E-05  -2.392E-03
   ni60    2.255E-08  6.155E-06   1.568E-03   2.160E-08  6.154E-06   1.501E-03
   ni61    1.270E-06  1.539E-06   7.560E-01   1.311E-06  1.581E-06   7.676E-01
   ni62   -8.642E-07  7.422E-09  -2.070E+00  -8.642E-07  7.422E-09  -2.070E+00
      g    5.458E-08  7.042E-08   6.478E-01   6.080E-08  7.664E-08   6.846E-01
                         7.0M Z=0.001 B95
 Species    Yield     MassExp     ProdFact    E-Yield    E-MassExp   E-ProdFac 
      p   -5.980E-01  3.798E+00  -6.353E-02  -5.982E-01  3.797E+00  -6.356E-02
    he3    1.441E-06  1.441E-06   0.000E+00   1.441E-06  1.441E-06   0.000E+00
    he4    5.936E-01  2.055E+00   1.481E-01   5.937E-01  2.055E+00   1.481E-01
    li7    1.413E-09  7.568E-09   8.970E-02   1.413E-09  7.568E-09   8.970E-02
    c12   -1.713E-04  8.945E-04  -7.611E-02  -5.300E-05  1.013E-03  -2.218E-02
    c13    1.023E-04  1.143E-04   9.778E-01   1.023E-04  1.143E-04   9.777E-01
    n14    5.968E-03  6.295E-03   1.284E+00   5.968E-03  6.295E-03   1.284E+00
    n15   -7.137E-07  5.015E-07  -3.844E-01  -7.138E-07  5.015E-07  -3.844E-01
    o16   -1.612E-03  1.357E-03  -3.400E-01  -1.606E-03  1.364E-03  -3.380E-01
    o17    7.517E-06  8.653E-06   8.817E-01   7.516E-06  8.653E-06   8.817E-01
    o18   -6.234E-06  9.779E-08  -1.811E+00  -6.234E-06  9.779E-08  -1.811E+00
    f19   -1.498E-07  1.382E-08  -1.073E+00  -1.486E-07  1.503E-08  -1.037E+00
   ne20    1.105E-05  5.415E-04   8.932E-03   1.134E-05  5.418E-04   9.164E-03
   ne21   -1.295E-06  5.956E-08  -1.357E+00  -1.287E-06  6.751E-08  -1.302E+00
   ne22    2.365E-05  6.626E-05   1.917E-01   2.393E-05  6.654E-05   1.935E-01
   na23   -4.939E-06  6.727E-06  -2.392E-01  -4.929E-06  6.737E-06  -2.385E-01
   mg24   -1.632E-04  7.734E-06  -1.344E+00  -1.632E-04  7.764E-06  -1.343E+00
   mg25    1.558E-04  1.783E-04   8.980E-01   1.561E-04  1.786E-04   8.986E-01
   mg26    6.164E-06  3.198E-05   9.295E-02   7.041E-06  3.286E-05   1.047E-01
   al26    7.716E-06  7.716E-06   0.000E+00   7.716E-06  7.716E-06   0.000E+00
   al27    8.900E-06  2.780E-05   1.676E-01   8.912E-06  2.781E-05   1.678E-01
   si28    6.580E-06  2.239E-04   1.293E-02   6.597E-06  2.239E-04   1.296E-02
   si29    1.099E-07  1.151E-05   4.141E-03   1.155E-07  1.152E-05   4.350E-03
   si30    2.096E-07  8.038E-06   1.145E-02   2.220E-07  8.050E-06   1.212E-02
    p31    6.430E-08  2.138E-06   1.324E-02   6.788E-08  2.141E-06   1.396E-02
    s32   -1.048E-07  1.541E-04  -3.213E-04  -1.101E-07  1.541E-04  -3.362E-04
    s33    3.716E-09  1.259E-06   1.257E-03   3.754E-09  1.259E-06   1.271E-03
    s34   -1.288E-07  6.266E-05  -9.182E-04  -1.322E-07  6.265E-05  -9.413E-04
    s35    1.396E-07  1.396E-07   0.000E+00   1.435E-07  1.435E-07   0.000E+00
   fe54   -1.377E-07  2.336E-05  -2.579E-03  -1.391E-07  2.336E-05  -2.605E-03
   fe55    9.329E-08  9.329E-08   0.000E+00   9.328E-08  9.328E-08   0.000E+00
   fe56   -6.965E-07  3.847E-04  -8.117E-04  -7.186E-07  3.847E-04  -8.366E-04
   fe57    1.710E-07  9.578E-06   7.800E-03   1.708E-07  9.577E-06   7.787E-03
   fe58    2.244E-07  1.443E-06   7.339E-02   2.272E-07  1.446E-06   7.425E-02
   fe60    1.133E-07  1.133E-07   0.000E+00   1.211E-07  1.211E-07   0.000E+00
   co59    9.390E-08  1.258E-06   3.366E-02   9.553E-08  1.260E-06   3.422E-02
   ni58   -6.216E-08  1.664E-05  -1.645E-03  -6.314E-08  1.664E-05  -1.671E-03
   ni60    4.762E-09  6.611E-06   2.869E-04   4.421E-09  6.610E-06   2.645E-04
   ni61    1.151E-06  1.441E-06   6.952E-01   1.165E-06  1.456E-06   6.994E-01
   ni62   -9.275E-07  1.131E-08  -1.919E+00  -9.275E-07  1.131E-08  -1.919E+00
      g    4.020E-08  5.726E-08   5.257E-01   4.280E-08  5.986E-08   5.450E-01
                             7.0M Z=0.001 B95 alpha=2.1 
 Species    Yield     MassExp      ProdFact   E-Yield    E-MassExp   E-ProdFac
      p   -5.954E-01  3.801E+00  -6.322E-02  -5.955E-01  3.801E+00  -6.324E-02
    he3    1.320E-06  1.320E-06   0.000E+00   1.320E-06  1.320E-06   0.000E+00
    he4    5.922E-01  2.053E+00   1.477E-01   5.923E-01  2.054E+00   1.477E-01
    li7   -2.370E-11  6.133E-09  -1.701E-03  -2.370E-11  6.133E-09  -1.701E-03
    c12   -3.590E-04  7.070E-04  -1.784E-01  -2.698E-04  7.962E-04  -1.268E-01
    c13    1.624E-04  1.744E-04   1.161E+00   1.623E-04  1.744E-04   1.161E+00
    n14    4.900E-03  5.227E-03   1.203E+00   4.899E-03  5.226E-03   1.203E+00
    n15   -6.752E-07  5.404E-07  -3.521E-01  -6.752E-07  5.403E-07  -3.521E-01
    o16   -1.587E-03  1.382E-03  -3.321E-01  -1.583E-03  1.387E-03  -3.307E-01
    o17    7.899E-06  9.036E-06   9.004E-01   7.899E-06  9.035E-06   9.004E-01
    o18   -6.241E-06  9.222E-08  -1.837E+00  -6.241E-06  9.222E-08  -1.837E+00
    f19   -1.484E-07  1.524E-08  -1.031E+00  -1.470E-07  1.663E-08  -9.931E-01
   ne20    9.701E-06  5.403E-04   7.843E-03   9.793E-06  5.404E-04   7.917E-03
   ne21   -1.315E-06  4.003E-08  -1.529E+00  -1.311E-06  4.399E-08  -1.489E+00
   ne22    2.050E-05  6.312E-05   1.705E-01   2.099E-05  6.361E-05   1.739E-01
   na23   -4.166E-06  7.503E-06  -1.918E-01  -4.157E-06  7.511E-06  -1.913E-01
   mg24   -1.626E-04  8.340E-06  -1.312E+00  -1.626E-04  8.346E-06  -1.312E+00
   mg25    1.548E-04  1.773E-04   8.954E-01   1.549E-04  1.775E-04   8.957E-01
   mg26    1.784E-06  2.761E-05   2.899E-02   2.195E-06  2.802E-05   3.540E-02
   al26    7.020E-06  7.020E-06   0.000E+00   7.019E-06  7.019E-06   0.000E+00
   al27    8.404E-06  2.731E-05   1.597E-01   8.408E-06  2.731E-05   1.598E-01
   si28    6.288E-06  2.237E-04   1.236E-02   6.299E-06  2.237E-04   1.238E-02
   si29    5.707E-08  1.146E-05   2.142E-03   6.047E-08  1.146E-05   2.271E-03
   si30    1.143E-07  7.944E-06   6.270E-03   1.216E-07  7.952E-06   6.666E-03
    p31    4.158E-08  2.116E-06   8.594E-03   4.366E-08  2.118E-06   9.021E-03
    s32   -6.253E-08  1.542E-04  -2.021E-04  -6.599E-08  1.542E-04  -2.119E-04
    s33    3.269E-09  1.259E-06   1.103E-03   3.289E-09  1.259E-06   1.110E-03
    s34   -9.873E-08  6.270E-05  -7.093E-04  -1.012E-07  6.270E-05  -7.263E-04
    s35    1.055E-07  1.055E-07   0.000E+00   1.083E-07  1.083E-07   0.000E+00
   fe54   -1.242E-07  2.338E-05  -2.327E-03  -1.253E-07  2.338E-05  -2.347E-03
   fe55    9.341E-08  9.341E-08   0.000E+00   9.341E-08  9.341E-08   0.000E+00
   fe56   -4.953E-07  3.850E-04  -5.844E-04  -5.115E-07  3.850E-04  -6.027E-04
   fe57    1.680E-07  9.577E-06   7.659E-03   1.680E-07  9.577E-06   7.659E-03
   fe58    1.756E-07  1.394E-06   5.843E-02   1.790E-07  1.398E-06   5.949E-02
   fe60    5.090E-08  5.090E-08   0.000E+00   5.524E-08  5.524E-08   0.000E+00
   co59    7.068E-08  1.235E-06   2.556E-02   7.227E-08  1.237E-06   2.612E-02
   ni58   -5.234E-08  1.666E-05  -1.388E-03  -5.309E-08  1.666E-05  -1.408E-03
   ni60    4.352E-10  6.608E-06   2.589E-06   3.201E-10  6.608E-06  -4.996E-06
   ni61    1.051E-06  1.342E-06   6.640E-01   1.061E-06  1.351E-06   6.671E-01
   ni62   -9.278E-07  1.130E-08  -1.920E+00  -9.278E-07  1.130E-08  -1.920E+00
      g    2.665E-08  4.372E-08   4.084E-01   2.812E-08  4.519E-08   4.228E-01
                           7.5M Z=0.001 B95  
Species    Yield      MassExp      ProdFact   E-Yield    E-MassExp   E-ProdFac 
      p   -6.671E-01  4.052E+00  -6.621E-02  -6.674E-01  4.052E+00  -6.624E-02
    he3    1.509E-05  1.509E-05   0.000E+00   1.509E-05  1.509E-05   0.000E+00
    he4    6.545E-01  2.223E+00   1.514E-01   6.546E-01  2.223E+00   1.514E-01
    li7    1.351E-07  1.417E-07   1.331E+00   1.351E-07  1.417E-07   1.331E+00
    c12    3.586E-04  1.503E-03   1.184E-01   5.420E-04  1.686E-03   1.684E-01
    c13    2.543E-04  2.672E-04   1.316E+00   2.542E-04  2.672E-04   1.315E+00
    n14    1.127E-02  1.162E-02   1.520E+00   1.126E-02  1.162E-02   1.520E+00
    n15    4.773E-07  1.782E-06   1.354E-01   4.772E-07  1.782E-06   1.353E-01
    o16    5.408E-04  3.729E-03   6.802E-02   5.526E-04  3.740E-03   6.940E-02
    o17    2.276E-05  2.398E-05   1.293E+00   2.276E-05  2.398E-05   1.293E+00
    o18   -6.556E-06  2.421E-07  -1.448E+00  -6.556E-06  2.421E-07  -1.448E+00
    f19   -1.467E-07  2.902E-08  -7.821E-01  -1.449E-07  3.077E-08  -7.566E-01
   ne20    1.638E-06  5.712E-04   1.221E-03   2.391E-06  5.719E-04   1.793E-03
   ne21   -1.319E-06  1.348E-07  -1.033E+00  -1.304E-06  1.497E-07  -9.873E-01
   ne22    4.756E-05  9.332E-05   3.095E-01   4.781E-05  9.356E-05   3.106E-01
   na23    1.544E-05  2.796E-05   3.488E-01   1.546E-05  2.798E-05   3.490E-01
   mg24   -1.460E-04  3.759E-05  -6.887E-01  -1.458E-04  3.769E-05  -6.875E-01
   mg25    1.504E-04  1.746E-04   8.579E-01   1.510E-04  1.752E-04   8.594E-01
   mg26    1.202E-05  3.974E-05   1.564E-01   1.407E-05  4.179E-05   1.782E-01
   al26    2.502E-06  2.502E-06   0.000E+00   2.501E-06  2.501E-06   0.000E+00
   al27    5.586E-06  2.588E-05   1.056E-01   5.618E-06  2.591E-05   1.061E-01
   si28    5.694E-06  2.390E-04   1.044E-02   5.725E-06  2.391E-04   1.050E-02
   si29    9.437E-08  1.234E-05   3.309E-03   1.039E-07  1.234E-05   3.645E-03
   si30    2.209E-07  8.626E-06   1.124E-02   2.414E-07  8.646E-06   1.227E-02
    p31    9.971E-08  2.326E-06   1.900E-02   1.058E-07  2.332E-06   2.013E-02
    s32   -1.124E-07  1.655E-04  -3.209E-04  -1.201E-07  1.655E-04  -3.413E-04
    s33    5.286E-09  1.353E-06   1.674E-03   5.377E-09  1.353E-06   1.703E-03
    s34   -1.323E-07  6.728E-05  -8.793E-04  -1.371E-07  6.728E-05  -9.099E-04
    s35    1.617E-07  1.617E-07   0.000E+00   1.674E-07  1.674E-07   0.000E+00
   fe54   -1.546E-07  2.508E-05  -2.696E-03  -1.566E-07  2.507E-05  -2.730E-03
   fe55    1.144E-07  1.144E-07   0.000E+00   1.144E-07  1.144E-07   0.000E+00
   fe56   -6.738E-07  4.131E-04  -7.338E-04  -7.052E-07  4.131E-04  -7.667E-04
   fe57    1.979E-07  1.030E-05   8.403E-03   1.974E-07  1.030E-05   8.380E-03
   fe58    1.532E-07  1.461E-06   4.807E-02   1.561E-07  1.464E-06   4.894E-02
   fe60    1.251E-07  1.251E-07   0.000E+00   1.364E-07  1.364E-07   0.000E+00
   co59    6.844E-08  1.318E-06   2.313E-02   7.034E-08  1.320E-06   2.375E-02
   ni58   -6.721E-08  1.787E-05  -1.656E-03  -6.859E-08  1.787E-05  -1.690E-03
   ni60   -6.864E-09  7.086E-06  -4.465E-04  -7.256E-09  7.085E-06  -4.706E-04
   ni61    1.261E-06  1.573E-06   7.022E-01   1.282E-06  1.595E-06   7.081E-01
   ni62   -9.962E-07  1.177E-08  -1.933E+00  -9.962E-07  1.177E-08  -1.933E+00
      g    7.656E-08  9.488E-08   7.141E-01   8.093E-08  9.925E-08   7.337E-01
                          6.5M Z=10-4 B95
 Species    Yield     MassExp     ProdFac     E-Yield    E-MassExp   E-ProdFac
      p   -5.629E-01  3.526E+00  -6.435E-02  -5.635E-01  3.526E+00  -6.441E-02
    he3    3.820E-07  3.820E-07   0.000E+00   3.820E-07  3.820E-07   0.000E+00
    he4    5.579E-01  1.907E+00   1.503E-01   5.582E-01  1.907E+00   1.504E-01
    li7   -5.205E-09  5.056E-10  -1.053E+00  -5.205E-09  5.056E-10  -1.053E+00
    c12    3.389E-04  4.381E-04   6.452E-01   5.724E-04  6.715E-04   8.307E-01
    c13    9.626E-05  9.738E-05   1.941E+00   9.621E-05  9.733E-05   1.940E+00
    n14    4.704E-03  4.734E-03   2.192E+00   4.702E-03  4.733E-03   2.192E+00
    n15    1.498E-07  2.626E-07   3.672E-01   1.498E-07  2.625E-07   3.670E-01
    o16   -1.597E-04  1.165E-04  -3.748E-01  -1.510E-04  1.252E-04  -3.437E-01
    o17    5.201E-07  6.255E-07   7.734E-01   5.201E-07  6.255E-07   7.734E-01
    o18   -5.815E-07  5.828E-09  -2.003E+00  -5.815E-07  5.828E-09  -2.003E+00
    f19   -1.191E-08  3.270E-09  -6.667E-01  -1.032E-08  4.860E-09  -4.947E-01
   ne20    1.254E-06  5.046E-05   1.090E-02   1.383E-06  5.059E-05   1.201E-02
   ne21   -1.183E-07  7.327E-09  -1.234E+00  -1.116E-07  1.405E-08  -9.516E-01
   ne22    1.296E-05  1.692E-05   6.313E-01   1.448E-05  1.844E-05   6.687E-01
   na23   -7.209E-07  3.613E-07  -4.764E-01  -6.836E-07  3.986E-07  -4.338E-01
   mg24   -1.558E-05  2.797E-07  -1.754E+00  -1.556E-05  2.982E-07  -1.726E+00
   mg25    1.311E-05  1.520E-05   8.613E-01   1.339E-05  1.548E-05   8.691E-01
   mg26    3.477E-06  5.872E-06   3.894E-01   4.514E-06  6.909E-06   4.600E-01
   al26    1.203E-06  1.203E-06   0.000E+00   1.203E-06  1.203E-06   0.000E+00
   al27    2.752E-06  4.506E-06   4.099E-01   2.768E-06  4.521E-06   4.114E-01
   si28    2.680E-06  2.284E-05   5.418E-02   2.693E-06  2.285E-05   5.442E-02
   si29    1.400E-08  1.072E-06   5.686E-03   1.645E-08  1.074E-06   6.677E-03
   si30    3.707E-08  7.633E-07   2.159E-02   4.230E-08  7.685E-07   2.456E-02
    p31    2.803E-08  2.204E-07   5.905E-02   2.996E-08  2.223E-07   6.283E-02
    s32   -1.340E-08  1.429E-05  -4.331E-04  -1.473E-08  1.429E-05  -4.733E-04
    s33    3.866E-10  1.168E-07   1.413E-03   3.867E-10  1.168E-07   1.414E-03
    s34   -1.697E-08  5.808E-06  -1.293E-03  -1.781E-08  5.807E-06  -1.356E-03
    s35    1.880E-08  1.880E-08   0.000E+00   1.983E-08  1.983E-08   0.000E+00
   fe54   -1.626E-08  2.164E-06  -3.277E-03  -1.659E-08  2.163E-06  -3.344E-03
   fe55    9.995E-09  9.995E-09   0.000E+00   9.993E-09  9.993E-09   0.000E+00
   fe56   -9.656E-08  3.566E-05  -1.201E-03  -1.020E-07  3.565E-05  -1.266E-03
   fe57    1.792E-08  8.906E-07   8.802E-03   1.780E-08  8.905E-07   8.741E-03
   fe58    2.460E-08  1.376E-07   8.550E-02   2.478E-08  1.378E-07   8.606E-02
   fe60    1.692E-08  1.692E-08   0.000E+00   1.848E-08  1.848E-08   0.000E+00
   co59    1.010E-08  1.181E-07   3.879E-02   1.019E-08  1.182E-07   3.912E-02
   ni58   -7.548E-09  1.542E-06  -2.147E-03  -7.784E-09  1.542E-06  -2.213E-03
   ni60    7.048E-10  6.135E-07   4.730E-04   6.369E-10  6.135E-07   4.250E-04
   ni61    1.295E-07  1.565E-07   7.633E-01   1.343E-07  1.613E-07   7.765E-01
   ni62   -8.644E-08  6.568E-10  -2.123E+00  -8.644E-08  6.568E-10  -2.123E+00
      g    7.712E-09  9.295E-09   7.687E-01   8.722E-09  1.031E-08   8.135E-01
                          7.0M Z=10-4 B95
 Species    Yield     MassExp      ProdFact   E-Yield    E-MassExp   E-ProdFac
      p   -6.054E-01  3.797E+00  -6.427E-02  -6.056E-01  3.797E+00  -6.430E-02
    he3    1.001E-06  1.001E-06   0.000E+00   1.001E-06  1.001E-06   0.000E+00
    he4    6.023E-01  2.054E+00   1.507E-01   6.024E-01  2.054E+00   1.507E-01
    li7   -2.722E-09  3.425E-09  -2.540E-01  -2.722E-09  3.425E-09  -2.540E-01
    c12    2.678E-04  3.745E-04   5.451E-01   3.721E-04  4.788E-04   6.518E-01
    c13    7.033E-05  7.154E-05   1.775E+00   7.032E-05  7.152E-05   1.775E+00
    n14    2.861E-03  2.894E-03   1.946E+00   2.860E-03  2.893E-03   1.946E+00
    n15    2.193E-07  3.406E-07   4.481E-01   2.192E-07  3.406E-07   4.481E-01
    o16   -1.841E-04  1.133E-04  -4.192E-01  -1.790E-04  1.184E-04  -4.000E-01
    o17    5.456E-07  6.590E-07   7.640E-01   5.456E-07  6.591E-07   7.640E-01
    o18   -6.259E-07  6.424E-09  -1.993E+00  -6.259E-07  6.424E-09  -1.993E+00
    f19   -1.444E-08  1.900E-09  -9.346E-01  -1.375E-08  2.594E-09  -7.993E-01
   ne20    1.567E-06  5.454E-05   1.263E-02   1.713E-06  5.469E-05   1.380E-02
   ne21   -1.246E-07  1.066E-08  -1.103E+00  -1.191E-07  1.611E-08  -9.240E-01
   ne22    4.350E-06  8.605E-06   3.058E-01   4.640E-06  8.895E-06   3.202E-01
   na23   -7.716E-07  3.935E-07  -4.715E-01  -7.641E-07  4.009E-07  -4.633E-01
   mg24   -1.664E-05  4.329E-07  -1.596E+00  -1.663E-05  4.415E-07  -1.587E+00
   mg25    1.502E-05  1.727E-05   8.847E-01   1.512E-05  1.737E-05   8.871E-01
   mg26    8.762E-07  3.455E-06   1.270E-01   1.246E-06  3.824E-06   1.711E-01
   al26    7.354E-07  7.354E-07   0.000E+00   7.354E-07  7.354E-07   0.000E+00
   al27    1.538E-06  3.425E-06   2.588E-01   1.544E-06  3.431E-06   2.596E-01
   si28    2.953E-06  2.466E-05   5.538E-02   2.959E-06  2.466E-05   5.547E-02
   si29   -3.942E-09  1.135E-06  -1.533E-03  -2.897E-09  1.136E-06  -1.132E-03
   si30    1.805E-08  7.998E-07   9.887E-03   2.007E-08  8.018E-07   1.098E-02
    p31    2.260E-08  2.297E-07   4.497E-02   2.332E-08  2.304E-07   4.632E-02
    s32   -4.020E-09  1.540E-05  -1.395E-04  -4.478E-09  1.540E-05  -1.524E-04
    s33    3.341E-10  1.257E-07   1.130E-03   3.368E-10  1.257E-07   1.139E-03
    s34   -1.111E-08  6.259E-06  -7.962E-04  -1.142E-08  6.259E-06  -8.179E-04
    s35    1.199E-08  1.199E-08   0.000E+00   1.238E-08  1.238E-08   0.000E+00
   fe54   -1.458E-08  2.332E-06  -2.733E-03  -1.471E-08  2.332E-06  -2.756E-03
   fe55    1.145E-08  1.145E-08   0.000E+00   1.145E-08  1.145E-08   0.000E+00
   fe56   -5.265E-08  3.844E-05  -6.205E-04  -5.470E-08  3.844E-05  -6.437E-04
   fe57    1.866E-08  9.581E-07   8.514E-03   1.862E-08  9.580E-07   8.496E-03
   fe58    1.393E-08  1.356E-07   4.705E-02   1.408E-08  1.358E-07   4.754E-02
   fe60    6.636E-09  6.636E-09   0.000E+00   7.241E-09  7.241E-09   0.000E+00
   co59    6.247E-09  1.225E-07   2.270E-02   6.329E-09  1.226E-07   2.299E-02
   ni58   -5.809E-09  1.662E-06  -1.541E-03  -5.900E-09  1.662E-06  -1.565E-03
   ni60   -7.132E-10  6.590E-07  -4.959E-04  -7.449E-10  6.590E-07  -5.168E-04
   ni61    1.112E-07  1.402E-07   6.838E-01   1.128E-07  1.419E-07   6.889E-01
   ni62   -9.306E-08  6.945E-10  -2.130E+00  -9.306E-08  6.945E-10  -2.130E+00
      g    4.197E-09  5.902E-09   5.394E-01   4.601E-09  6.305E-09   5.681E-01
                          7.5M Z=10-4 B95
 Species    Yield     MassExp     ProdFac     E-Yield    E-MassExp   E-ProdFac
      p   -6.641E-01  4.063E+00  -6.578E-02  -6.644E-01  4.062E+00  -6.581E-02
    he3    1.688E-05  1.688E-05   0.000E+00   1.688E-05  1.688E-05   0.000E+00
    he4    6.516E-01  2.211E+00   1.516E-01   6.517E-01  2.211E+00   1.517E-01
    li7    1.299E-07  1.365E-07   1.315E+00   1.299E-07  1.365E-07   1.315E+00
    c12    7.296E-04  8.442E-04   8.672E-01   9.007E-04  1.015E-03   9.474E-01
    c13    2.396E-04  2.409E-04   2.271E+00   2.396E-04  2.409E-04   2.271E+00
    n14    9.474E-03  9.509E-03   2.432E+00   9.473E-03  9.509E-03   2.432E+00
    n15    2.155E-06  2.285E-06   1.244E+00   2.155E-06  2.285E-06   1.244E+00
    o16    2.007E-03  2.326E-03   8.624E-01   2.017E-03  2.337E-03   8.644E-01
    o17    1.463E-05  1.475E-05   2.083E+00   1.463E-05  1.475E-05   2.083E+00
    o18   -6.581E-07  2.087E-08  -1.512E+00  -6.581E-07  2.087E-08  -1.512E+00
    f19   -1.449E-08  3.054E-09  -7.594E-01  -1.365E-08  3.893E-09  -6.539E-01
   ne20    3.876E-07  5.727E-05   2.924E-03   6.892E-07  5.757E-05   5.205E-03
   ne21   -1.350E-07  1.021E-08  -1.153E+00  -1.236E-07  2.160E-08  -8.276E-01
   ne22    6.955E-06  1.152E-05   4.017E-01   7.548E-06  1.212E-05   4.235E-01
   na23    1.728E-06  2.979E-06   3.768E-01   1.745E-06  2.996E-06   3.792E-01
   mg24   -1.401E-05  4.321E-06  -6.277E-01  -1.399E-05  4.340E-06  -6.257E-01
   mg25    1.576E-05  1.818E-05   8.760E-01   1.598E-05  1.840E-05   8.812E-01
   mg26    1.183E-06  3.951E-06   1.544E-01   2.095E-06  4.864E-06   2.447E-01
   al26    2.407E-07  2.407E-07   0.000E+00   2.407E-07  2.407E-07   0.000E+00
   al27    4.254E-07  2.452E-06   8.272E-02   4.413E-07  2.468E-06   8.553E-02
   si28    3.856E-07  2.369E-05   7.100E-03   3.991E-07  2.370E-05   7.348E-03
   si29   -8.815E-09  1.214E-06  -3.169E-03  -6.561E-09  1.216E-06  -2.363E-03
   si30    6.170E-10  8.401E-07   2.931E-04   4.621E-09  8.441E-07   2.358E-03
    p31    2.499E-08  2.473E-07   4.622E-02   2.644E-08  2.488E-07   4.877E-02
    s32   -4.133E-09  1.653E-05  -1.346E-04  -4.777E-09  1.653E-05  -1.515E-04
    s33    4.050E-10  1.350E-07   1.278E-03   4.098E-10  1.350E-07   1.294E-03
    s34   -9.425E-09  6.724E-06  -6.344E-04  -9.899E-09  6.723E-06  -6.650E-04
    s35    9.993E-09  9.993E-09   0.000E+00   1.060E-08  1.060E-08   0.000E+00
   fe54   -1.580E-08  2.504E-06  -2.757E-03  -1.599E-08  2.504E-06  -2.791E-03
   fe55    1.388E-08  1.388E-08   0.000E+00   1.387E-08  1.387E-08   0.000E+00
   fe56   -3.728E-08  4.129E-05  -4.180E-04  -4.041E-08  4.129E-05  -4.508E-04
   fe57    2.252E-08  1.031E-06   9.564E-03   2.246E-08  1.031E-06   9.536E-03
   fe58    9.426E-09  1.401E-07   3.023E-02   9.607E-09  1.403E-07   3.079E-02
   fe60    2.170E-09  2.170E-09   0.000E+00   3.036E-09  3.036E-09   0.000E+00
   co59    4.505E-09  1.294E-07   1.537E-02   4.602E-09  1.294E-07   1.569E-02
   ni58   -5.810E-09  1.786E-06  -1.437E-03  -5.947E-09  1.785E-06  -1.470E-03
   ni60   -1.532E-09  7.068E-07  -9.664E-04  -1.536E-09  7.068E-07  -9.688E-04
   ni61    1.074E-07  1.386E-07   6.477E-01   1.101E-07  1.412E-07   6.560E-01
   ni62   -9.996E-08  7.171E-10  -2.147E+00  -9.996E-08  7.171E-10  -2.147E+00
      g    2.972E-09  4.802E-09   4.189E-01   3.646E-09  5.476E-09   4.760E-01
