#			    6.5M Z=0.008 VW93
#Species    Yield      MassExp     ProdFact    E-Yield    E-MassExp  E-ProdFact
      p   -4.908E-01  3.577E+00  -5.587E-02  -4.985E-01  3.569E+00  -5.681E-02
    he3    4.836E-06  4.836E-06   0.000E+00   4.836E-06  4.836E-06   0.000E+00
    he4    4.573E-01  1.892E+00   1.201E-01   4.612E-01  1.896E+00   1.210E-01
    li7   -2.346E-08  2.999E-10  -1.899E+00  -2.346E-08  2.999E-10  -1.899E+00
    c12   -2.226E-03  5.664E-03  -1.440E-01   1.377E-03  9.267E-03   6.981E-02
    c13    5.583E-04  6.495E-04   8.528E-01   5.562E-04  6.474E-04   8.514E-01
    n14    4.088E-02  4.330E-02   1.252E+00   4.077E-02  4.319E-02   1.251E+00
    n15   -8.058E-06  1.144E-06  -9.054E-01  -8.060E-06  1.143E-06  -9.060E-01
    o16   -7.190E-03  1.479E-02  -1.721E-01  -7.098E-03  1.488E-02  -1.694E-01
    o17    3.475E-05  4.335E-05   7.024E-01   3.467E-05  4.327E-05   7.017E-01
    o18   -4.674E-05  1.186E-06  -1.606E+00  -4.674E-05  1.186E-06  -1.606E+00
    f19   -4.210E-07  8.174E-07  -1.805E-01  -7.751E-08  1.161E-06  -2.810E-02
   ne20    2.085E-06  4.017E-03   1.998E-04   5.833E-06  4.021E-03   6.049E-04
   ne21   -9.255E-06  9.921E-07  -1.014E+00  -8.741E-06  1.506E-06  -8.328E-01
   ne22    9.095E-04  1.232E-03   5.820E-01   1.038E-03  1.360E-03   6.250E-01
   na23    6.146E-05  1.498E-04   2.294E-01   6.342E-05  1.517E-04   2.350E-01
   mg24   -2.524E-04  1.042E-03  -9.424E-02  -2.534E-04  1.041E-03  -9.465E-02
   mg25    3.642E-04  5.349E-04   4.960E-01   4.030E-04  5.737E-04   5.264E-01
   mg26    3.369E-04  5.323E-04   4.352E-01   4.381E-04  6.335E-04   5.107E-01
   al26    1.327E-05  1.327E-05   0.000E+00   1.324E-05  1.324E-05   0.000E+00
   al27    1.540E-05  1.585E-04   4.436E-02   1.818E-05  1.613E-04   5.192E-02
   si28    2.867E-05  1.673E-03   7.478E-03   3.123E-05  1.676E-03   8.144E-03
   si29    5.820E-06  9.212E-05   2.832E-02   6.650E-06  9.295E-05   3.221E-02
   si30    9.807E-06  6.906E-05   6.649E-02   1.168E-05  7.093E-05   7.808E-02
    p31    1.758E-06  1.745E-05   4.610E-02   2.207E-06  1.790E-05   5.713E-02
    s32   -6.732E-06  1.161E-03  -2.537E-03  -7.948E-06  1.159E-03  -2.993E-03
    s33    1.526E-07  9.655E-06   6.894E-03   1.622E-07  9.664E-06   7.325E-03
    s34   -5.720E-06  4.695E-04  -5.285E-03  -6.566E-06  4.687E-04  -6.067E-03
    s35    6.275E-06  6.275E-06   0.000E+00   7.223E-06  7.223E-06   0.000E+00
   fe54   -3.430E-06  1.744E-04  -8.484E-03  -3.809E-06  1.741E-04  -9.426E-03
   fe55    4.420E-07  4.420E-07   0.000E+00   4.417E-07  4.417E-07   0.000E+00
   fe56   -3.857E-05  2.878E-03  -5.807E-03  -4.426E-05  2.873E-03  -6.667E-03
   fe57    4.053E-06  7.526E-05   2.402E-02   4.095E-06  7.530E-05   2.426E-02
   fe58    1.674E-05  2.597E-05   4.495E-01   1.819E-05  2.741E-05   4.730E-01
   fe60    6.504E-06  6.504E-06   0.000E+00   8.287E-06  8.287E-06   0.000E+00
   co59    6.020E-06  1.483E-05   2.261E-01   6.741E-06  1.555E-05   2.467E-01
   ni58   -2.351E-06  1.241E-04  -8.178E-03  -2.621E-06  1.238E-04  -9.122E-03
   ni60    1.556E-06  5.158E-05   1.328E-02   1.524E-06  5.155E-05   1.301E-02
   ni61    1.844E-05  2.065E-05   9.721E-01   2.106E-05  2.327E-05   1.024E+00
   ni62   -7.053E-06  5.531E-08  -2.109E+00  -7.053E-06  5.531E-08  -2.109E+00
      g    1.077E-06  1.206E-06   9.701E-01   1.409E-06  1.538E-06   1.076E+00
#                            7.0M Z=0.008 VW93
#Species    Yield      MassExp     ProdFact    E-Yield    E-MassExp  E-ProdFact 
      p   -5.298E-01  3.870E+00  -5.575E-02  -5.364E-01  3.863E+00  -5.649E-02
    he3    4.827E-06  4.827E-06   0.000E+00   4.827E-06  4.827E-06   0.000E+00
    he4    5.096E-01  2.062E+00   1.233E-01   5.128E-01  2.065E+00   1.240E-01
    li7   -2.510E-08  5.966E-10  -1.634E+00  -2.510E-08  5.966E-10  -1.634E+00
    c12   -3.712E-03  4.822E-03  -2.480E-01  -5.495E-04  7.985E-03  -2.893E-02
    c13    4.587E-04  5.573E-04   7.522E-01   4.570E-04  5.556E-04   7.509E-01
    n14    3.028E-02  3.290E-02   1.099E+00   3.021E-02  3.283E-02   1.098E+00
    n15   -8.888E-06  1.066E-06  -9.703E-01  -8.889E-06  1.065E-06  -9.707E-01
    o16   -7.595E-03  1.618E-02  -1.672E-01  -7.502E-03  1.627E-02  -1.647E-01
    o17    4.897E-05  5.827E-05   7.968E-01   4.890E-05  5.820E-05   7.963E-01
    o18   -5.051E-05  1.328E-06  -1.592E+00  -5.051E-05  1.328E-06  -1.592E+00
    f19   -8.383E-07  5.011E-07  -4.270E-01  -5.950E-07  7.445E-07  -2.551E-01
   ne20    2.668E-06  4.345E-03   2.413E-04   5.976E-06  4.349E-03   5.718E-04
   ne21   -1.024E-05  8.442E-07  -1.118E+00  -9.838E-06  1.246E-06  -9.492E-01
   ne22    4.251E-04  7.740E-04   3.461E-01   5.023E-04  8.512E-04   3.873E-01
   na23    5.816E-05  1.537E-04   2.065E-01   5.933E-05  1.548E-04   2.098E-01
   mg24   -4.514E-04  9.486E-04  -1.691E-01  -4.519E-04  9.481E-04  -1.693E-01
   mg25    5.086E-04  6.933E-04   5.745E-01   5.391E-04  7.237E-04   5.932E-01
   mg26    2.049E-04  4.162E-04   2.943E-01   2.837E-04  4.951E-04   3.696E-01
   al26    1.510E-05  1.510E-05   0.000E+00   1.507E-05  1.507E-05   0.000E+00
   al27    9.430E-06  1.642E-04   2.566E-02   1.124E-05  1.660E-04   3.042E-02
   si28    1.983E-05  1.799E-03   4.789E-03   2.226E-05  1.801E-03   5.375E-03
   si29    3.799E-06  9.715E-05   1.730E-02   4.597E-06  9.795E-05   2.085E-02
   si30    6.273E-06  7.037E-05   4.053E-02   7.960E-06  7.206E-05   5.082E-02
    p31    1.130E-06  1.810E-05   2.796E-02   1.520E-06  1.849E-05   3.722E-02
    s32   -4.186E-06  1.259E-03  -1.468E-03  -5.226E-06  1.258E-03  -1.826E-03
    s33    9.646E-08  1.037E-05   4.031E-03   1.052E-07  1.038E-05   4.398E-03
    s34   -3.632E-06  5.104E-04  -3.104E-03  -4.357E-06  5.097E-04  -3.722E-03
    s35    3.979E-06  3.979E-06   0.000E+00   4.792E-06  4.792E-06   0.000E+00
   fe54   -2.344E-06  1.900E-04  -5.349E-03  -2.669E-06  1.897E-04  -6.093E-03
   fe55    5.263E-07  5.263E-07   0.000E+00   5.259E-07  5.259E-07   0.000E+00
   fe56   -2.395E-05  3.131E-03  -3.335E-03  -2.884E-05  3.126E-03  -4.014E-03
   fe57    2.745E-06  7.976E-05   1.518E-02   2.787E-06  7.980E-05   1.541E-02
   fe58    1.011E-05  2.009E-05   3.039E-01   1.138E-05  2.135E-05   3.304E-01
   fe60    4.285E-06  4.285E-06   0.000E+00   5.821E-06  5.821E-06   0.000E+00
   co59    3.734E-06  1.327E-05   1.435E-01   4.366E-06  1.390E-05   1.637E-01
   ni58   -1.512E-06  1.352E-04  -4.854E-03  -1.744E-06  1.350E-04  -5.600E-03
   ni60    8.751E-07  5.498E-05   6.943E-03   8.615E-07  5.497E-05   6.835E-03
   ni61    1.461E-05  1.699E-05   8.535E-01   1.682E-05  1.920E-05   9.066E-01
   ni62   -7.630E-06  5.893E-08  -2.116E+00  -7.630E-06  5.893E-08  -2.116E+00
      g    6.956E-07  8.353E-07   7.765E-01   9.708E-07  1.111E-06   9.002E-01
#			    7.5M Z=0.008 VW93 
#Species    Yield      MassExp     ProdFact    E-Yield    E-MassExp  E-ProdFact 
      p   -5.790E-01  4.144E+00  -5.681E-02  -5.867E-01  4.137E+00  -5.763E-02
    he3    5.558E-06  5.558E-06   0.000E+00   5.558E-06  5.558E-06   0.000E+00
    he4    5.635E-01  2.230E+00   1.265E-01   5.675E-01  2.234E+00   1.273E-01
    li7   -1.990E-08  7.687E-09  -5.550E-01  -1.990E-08  7.687E-09  -5.550E-01
    c12   -4.490E-03  4.673E-03  -2.925E-01  -1.030E-03  8.132E-03  -5.184E-02
    c13    5.014E-04  6.072E-04   7.587E-01   4.989E-04  6.048E-04   7.569E-01
    n14    2.588E-02  2.870E-02   1.009E+00   2.581E-02  2.863E-02   1.008E+00
    n15   -9.539E-06  1.147E-06  -9.692E-01  -9.540E-06  1.146E-06  -9.697E-01
    o16   -7.126E-03  1.840E-02  -1.422E-01  -7.034E-03  1.849E-02  -1.400E-01
    o17    7.111E-05  8.110E-05   9.096E-01   7.100E-05  8.098E-05   9.090E-01
    o18   -5.418E-05  1.475E-06  -1.577E+00  -5.418E-05  1.475E-06  -1.577E+00
    f19   -1.136E-06  3.019E-07  -6.779E-01  -9.912E-07  4.468E-07  -5.077E-01
   ne20    5.876E-06  4.668E-03   5.217E-04   9.592E-06  4.672E-03   8.672E-04
   ne21   -1.100E-05  9.010E-07  -1.121E+00  -1.044E-05  1.455E-06  -9.126E-01
   ne22    2.632E-04  6.378E-04   2.312E-01   3.178E-04  6.924E-04   2.668E-01
   na23    6.742E-05  1.700E-04   2.194E-01   6.887E-05  1.714E-04   2.231E-01
   mg24   -5.984E-04  9.045E-04  -2.206E-01  -5.981E-04  9.049E-04  -2.204E-01
   mg25    6.562E-04  8.544E-04   6.345E-01   6.984E-04  8.966E-04   6.554E-01
   mg26    2.076E-04  4.345E-04   2.821E-01   3.218E-04  5.487E-04   3.834E-01
   al26    1.348E-05  1.348E-05   0.000E+00   1.344E-05  1.344E-05   0.000E+00
   al27    7.898E-06  1.741E-04   2.014E-02   9.598E-06  1.758E-04   2.436E-02
   si28    1.401E-05  1.924E-03   3.148E-03   1.719E-05  1.927E-03   3.867E-03
   si29    3.096E-06  1.033E-04   1.319E-02   4.353E-06  1.046E-04   1.844E-02
   si30    5.722E-06  7.453E-05   3.467E-02   8.489E-06  7.730E-05   5.049E-02
    p31    1.186E-06  1.941E-05   2.736E-02   1.837E-06  2.006E-05   4.168E-02
    s32   -3.480E-06  1.352E-03  -1.142E-03  -4.944E-06  1.351E-03  -1.612E-03
    s33    6.188E-08  1.110E-05   2.403E-03   7.158E-08  1.111E-05   2.783E-03
    s34   -2.891E-06  5.490E-04  -2.306E-03  -3.818E-06  5.481E-04  -3.040E-03
    s35    3.180E-06  3.180E-06   0.000E+00   4.233E-06  4.233E-06   0.000E+00
   fe54   -1.897E-06  2.046E-04  -4.034E-03  -2.284E-06  2.043E-04  -4.855E-03
   fe55    6.113E-07  6.113E-07   0.000E+00   6.102E-07  6.102E-07   0.000E+00
   fe56   -1.845E-05  3.369E-03  -2.397E-03  -2.459E-05  3.363E-03  -3.189E-03
   fe57    1.735E-06  8.442E-05   8.994E-03   1.661E-06  8.434E-05   8.613E-03
   fe58    6.142E-06  1.685E-05   1.968E-01   7.052E-06  1.776E-05   2.197E-01
   fe60    4.382E-06  4.382E-06   0.000E+00   6.979E-06  6.979E-06   0.000E+00
   co59    2.569E-06  1.280E-05   9.725E-02   3.133E-06  1.337E-05   1.160E-01
   ni58   -1.131E-06  1.457E-04  -3.385E-03  -1.407E-06  1.454E-04  -4.207E-03
   ni60    5.163E-07  5.860E-05   3.818E-03   4.394E-07  5.853E-05   3.247E-03
   ni61    1.487E-05  1.743E-05   8.337E-01   1.811E-05  2.066E-05   9.076E-01
   ni62   -8.192E-06  6.299E-08  -2.117E+00  -8.192E-06  6.299E-08  -2.117E+00
      g    7.623E-07  9.123E-07   7.840E-01   1.139E-06  1.289E-06   9.340E-01
#			    8.0M Z=0.008 VW93 
#Species    Yield      MassExp     ProdFact    E-Yield    E-MassExp  E-ProdFact 
      p   -6.238E-01  4.405E+00  -5.755E-02  -6.307E-01  4.397E+00  -5.824E-02
    he3    1.119E-05  1.119E-05   0.000E+00   1.119E-05  1.119E-05   0.000E+00
    he4    6.098E-01  2.384E+00   1.283E-01   6.128E-01  2.387E+00   1.289E-01
    li7    3.210E-08  6.147E-08   3.207E-01   3.210E-08  6.147E-08   3.208E-01
    c12   -5.169E-03  4.585E-03  -3.279E-01  -1.689E-03  8.064E-03  -8.260E-02
    c13    5.132E-04  6.259E-04   7.446E-01   5.109E-04  6.235E-04   7.430E-01
    n14    2.537E-02  2.836E-02   9.765E-01   2.530E-02  2.829E-02   9.756E-01
    n15   -9.606E-06  1.770E-06  -8.080E-01  -9.606E-06  1.768E-06  -8.084E-01
    o16   -7.248E-03  1.992E-02  -1.348E-01  -7.102E-03  2.007E-02  -1.316E-01
    o17    9.866E-05  1.093E-04   1.012E+00   9.851E-05  1.091E-04   1.011E+00
    o18   -5.754E-05  1.709E-06  -1.540E+00  -5.753E-05  1.709E-06  -1.540E+00
    f19   -1.294E-06  2.370E-07  -8.102E-01  -1.227E-06  3.032E-07  -7.032E-01
   ne20    2.950E-05  4.993E-03   2.549E-03   3.796E-05  5.000E-03   3.284E-03
   ne21   -1.162E-05  1.047E-06  -1.083E+00  -1.112E-05  1.546E-06  -9.134E-01
   ne22    2.351E-04  6.339E-04   2.013E-01   2.542E-04  6.528E-04   2.142E-01
   na23    5.483E-05  1.640E-04   1.767E-01   5.622E-05  1.654E-04   1.804E-01
   mg24   -1.005E-03  5.953E-04  -4.294E-01  -1.002E-03  5.982E-04  -4.273E-01
   mg25    1.083E-03  1.294E-03   7.877E-01   1.131E-03  1.342E-03   8.033E-01
   mg26    2.444E-04  4.860E-04   3.036E-01   3.852E-04  6.267E-04   4.140E-01
   al26    1.789E-05  1.789E-05   0.000E+00   1.784E-05  1.784E-05   0.000E+00
   al27    9.360E-06  1.862E-04   2.237E-02   1.131E-05  1.882E-04   2.688E-02
   si28    1.358E-05  2.047E-03   2.865E-03   1.675E-05  2.050E-03   3.539E-03
   si29    3.160E-06  1.098E-04   1.265E-02   4.503E-06  1.112E-04   1.793E-02
   si30    6.349E-06  7.961E-05   3.607E-02   9.460E-06  8.270E-05   5.273E-02
    p31    1.395E-06  2.079E-05   3.014E-02   2.184E-06  2.158E-05   4.632E-02
    s32   -3.577E-06  1.440E-03  -1.103E-03  -5.010E-06  1.438E-03  -1.536E-03
    s33    5.452E-08  1.180E-05   1.986E-03   7.056E-08  1.182E-05   2.576E-03
    s34   -2.768E-06  5.848E-04  -2.077E-03  -3.619E-06  5.838E-04  -2.709E-03
    s35    3.079E-06  3.079E-06   0.000E+00   4.064E-06  4.064E-06   0.000E+00
   fe54   -1.809E-06  2.181E-04  -3.612E-03  -2.155E-06  2.177E-04  -4.303E-03
   fe55    6.846E-07  6.846E-07   0.000E+00   6.834E-07  6.834E-07   0.000E+00
   fe56   -1.730E-05  3.589E-03  -2.115E-03  -2.290E-05  3.582E-03  -2.792E-03
   fe57    1.305E-06  8.933E-05   6.367E-03   1.205E-06  8.921E-05   5.879E-03
   fe58    4.456E-06  1.586E-05   1.432E-01   4.976E-06  1.638E-05   1.573E-01
   fe60    5.340E-06  5.340E-06   0.000E+00   7.698E-06  7.698E-06   0.000E+00
   co59    2.198E-06  1.309E-05   7.979E-02   2.559E-06  1.345E-05   9.160E-02
   ni58   -1.036E-06  1.553E-04  -2.915E-03  -1.283E-06  1.550E-04  -3.605E-03
   ni60    3.202E-07  6.216E-05   2.217E-03   2.296E-07  6.206E-05   1.584E-03
   ni61    1.580E-05  1.852E-05   8.328E-01   1.932E-05  2.204E-05   9.084E-01
   ni62   -8.721E-06  6.690E-08  -2.118E+00  -8.720E-06  6.690E-08  -2.118E+00
      g    9.047E-07  1.064E-06   8.238E-01   1.407E-06  1.567E-06   9.917E-01
#			    8.5M Z=0.008 VW93 
#Species    Yield      MassExp     ProdFact    E-Yield    E-MassExp  E-ProdFact 
      p   -6.843E-01  4.650E+00  -5.965E-02  -6.912E-01  4.644E+00  -6.029E-02
    he3    1.992E-05  1.992E-05   0.000E+00   1.992E-05  1.992E-05   0.000E+00
    he4    6.613E-01  2.543E+00   1.308E-01   6.640E-01  2.546E+00   1.312E-01
    li7    1.348E-07  1.659E-07   7.263E-01   1.348E-07  1.659E-07   7.263E-01
    c12   -5.522E-03  4.826E-03  -3.313E-01  -1.751E-03  8.597E-03  -8.055E-02
    c13    7.327E-04  8.522E-04   8.530E-01   7.306E-04  8.501E-04   8.519E-01
    n14    3.258E-02  3.576E-02   1.052E+00   3.251E-02  3.569E-02   1.051E+00
    n15   -8.547E-06  3.522E-06  -5.349E-01  -8.549E-06  3.520E-06  -5.352E-01
    o16   -5.924E-03  2.290E-02  -9.993E-02  -5.710E-03  2.312E-02  -9.589E-02
    o17    1.245E-04  1.358E-04   1.081E+00   1.243E-04  1.356E-04   1.080E+00
    o18   -5.948E-05  3.377E-06  -1.270E+00  -5.948E-05  3.377E-06  -1.270E+00
    f19   -1.355E-06  2.696E-07  -7.799E-01  -1.323E-06  3.012E-07  -7.319E-01
   ne20    4.694E-05  5.313E-03   3.829E-03   6.428E-05  5.330E-03   5.244E-03
   ne21   -1.196E-05  1.481E-06  -9.579E-01  -1.151E-05  1.930E-06  -8.430E-01
   ne22    4.552E-04  8.782E-04   3.172E-01   4.586E-04  8.816E-04   3.189E-01
   na23    6.151E-05  1.773E-04   1.850E-01   6.276E-05  1.786E-04   1.880E-01
   mg24   -1.161E-03  5.363E-04  -5.004E-01  -1.154E-03  5.432E-04  -4.949E-01
   mg25    1.267E-03  1.491E-03   8.234E-01   1.316E-03  1.540E-03   8.375E-01
   mg26    3.008E-04  5.571E-04   3.371E-01   4.462E-04  7.025E-04   4.378E-01
   al26    1.504E-05  1.504E-05   0.000E+00   1.500E-05  1.500E-05   0.000E+00
   al27    1.023E-05  1.979E-04   2.303E-02   1.229E-05  2.000E-04   2.752E-02
   si28    1.372E-05  2.171E-03   2.728E-03   1.688E-05  2.174E-03   3.360E-03
   si29    3.229E-06  1.164E-04   1.219E-02   4.665E-06  1.179E-04   1.751E-02
   si30    7.175E-06  8.489E-05   3.832E-02   1.044E-05  8.816E-05   5.473E-02
    p31    1.697E-06  2.228E-05   3.438E-02   2.504E-06  2.308E-05   4.984E-02
    s32   -3.799E-06  1.527E-03  -1.105E-03  -5.264E-06  1.526E-03  -1.521E-03
    s33    6.914E-08  1.253E-05   2.377E-03   9.953E-08  1.256E-05   3.429E-03
    s34   -2.833E-06  6.205E-04  -2.004E-03  -3.683E-06  6.196E-04  -2.599E-03
    s35    3.162E-06  3.162E-06   0.000E+00   4.150E-06  4.150E-06   0.000E+00
   fe54   -1.904E-06  2.314E-04  -3.585E-03  -2.248E-06  2.310E-04  -4.232E-03
   fe55    8.289E-07  8.289E-07   0.000E+00   8.276E-07  8.276E-07   0.000E+00
   fe56   -1.720E-05  3.808E-03  -1.982E-03  -2.278E-05  3.803E-03  -2.619E-03
   fe57    1.341E-06  9.473E-05   6.167E-03   1.235E-06  9.462E-05   5.681E-03
   fe58    3.180E-06  1.528E-05   1.013E-01   3.635E-06  1.573E-05   1.141E-01
   fe60    6.021E-06  6.021E-06   0.000E+00   8.416E-06  8.416E-06   0.000E+00
   co59    1.752E-06  1.331E-05   6.126E-02   2.100E-06  1.366E-05   7.247E-02
   ni58   -1.048E-06  1.648E-04  -2.780E-03  -1.294E-06  1.645E-04  -3.426E-03
   ni60    1.088E-07  6.572E-05   6.938E-04   1.858E-08  6.563E-05   9.748E-05
   ni61    1.738E-05  2.027E-05   8.464E-01   2.097E-05  2.386E-05   9.172E-01
   ni62   -9.253E-06  7.049E-08  -2.121E+00  -9.253E-06  7.049E-08  -2.121E+00
      g    1.111E-06  1.280E-06   8.782E-01   1.628E-06  1.797E-06   1.026E+00
