  species    A      yield       mass(i)_lost    mass(i)_0        <X(i)>         
  X0(i)   log10(<X(i)>/X0(i)) 
      g      1   2.9336198E-07  2.9336198E-07  0.0000000E+00  1.6134747E-07  0.0000000E+00  0.0000000E+00
      n      1   0.0000000E+00  0.0000000E+00  0.0000000E+00  0.0000000E+00  0.0000000E+00  0.0000000E+00
      p      1  -8.0037572E-03  9.6263165E-01  9.7063541E-01  5.2944211E-01  5.3387350E-01 -3.6198796E-03
      d      2   7.6127401E-18  7.6127401E-18  0.0000000E+00  4.1869652E-18  0.0000000E+00  0.0000000E+00
    he3      3   1.4648514E-04  1.4648514E-04  0.0000000E+00  8.0566022E-05  0.0000000E+00  0.0000000E+00
    he4      4   6.5964418E-03  7.2639342E-01  7.1979697E-01  3.9951238E-01  3.9590615E-01  3.9379958E-03
    li7      7  -6.4776366E-08  1.7927585E-08  8.2703951E-08  9.8600731E-09  4.5489220E-08 -6.6402835E-01
    be7      7   1.9431925E-11  1.9431925E-11  0.0000000E+00  1.0687452E-11  0.0000000E+00  0.0000000E+00
     b8      8   1.7552333E-28  1.7552333E-28  0.0000000E+00  9.6536865E-29  0.0000000E+00  0.0000000E+00
    c12     12  -7.9278520E-03  1.4842816E-02  2.2770668E-02  8.1634673E-03  1.2524431E-02 -1.8588335E-01
    c13     13   5.0275306E-04  7.7868888E-04  2.7593582E-04  4.2827460E-04  1.5177153E-04  4.5053201E-01
    c14     14   1.8293400E-26  1.8293400E-26  0.0000000E+00  1.0061270E-26  0.0000000E+00  0.0000000E+00
    n13     13   0.0000000E+00  0.0000000E+00  0.0000000E+00  0.0000000E+00  0.0000000E+00  0.0000000E+00
    n14     14   8.9111816E-03  1.5643538E-02  6.7323563E-03  8.6038598E-03  3.7029626E-03  3.6614400E-01
    n15     15  -8.1329170E-06  8.4496786E-06  1.6582596E-05  4.6472768E-06  9.1208380E-06 -2.9283621E-01
    o14     14   0.0000000E+00  0.0000000E+00  0.0000000E+00  0.0000000E+00  0.0000000E+00  0.0000000E+00
    o15     15   0.0000000E+00  0.0000000E+00  0.0000000E+00  0.0000000E+00  0.0000000E+00  0.0000000E+00
    o16     16  -3.1963630E-04  5.4665587E-02  5.4985223E-02  3.0065772E-02  3.0243234E-02 -2.5558638E-03
    o17     17   1.3282482E-04  1.5502056E-04  2.2195740E-05  8.5260453E-05  1.2208207E-05  8.4409577E-01
    o18     18  -3.2696902E-05  9.1019847E-05  1.2371675E-04  5.0060415E-05  6.8047274E-05 -1.3331628E-01
    o19     19   0.0000000E+00  0.0000000E+00  0.0000000E+00  0.0000000E+00  0.0000000E+00  0.0000000E+00
    f17     17   0.0000000E+00  0.0000000E+00  0.0000000E+00  0.0000000E+00  0.0000000E+00  0.0000000E+00
    f18     18   0.0000000E+00  0.0000000E+00  0.0000000E+00  0.0000000E+00  0.0000000E+00  0.0000000E+00
    f19     19  -5.6079633E-08  3.5066248E-06  3.5627045E-06  1.9286244E-06  1.9595756E-06 -6.9143807E-03
    f20     20   0.0000000E+00  0.0000000E+00  0.0000000E+00  0.0000000E+00  0.0000000E+00  0.0000000E+00
   ne19     19   0.0000000E+00  0.0000000E+00  0.0000000E+00  0.0000000E+00  0.0000000E+00  0.0000000E+00
   ne20     20  -6.2505880E-08  1.1279120E-02  1.1279183E-02  6.2034540E-03  6.2038296E-03 -2.6293352E-05
   ne21     21   7.9721650E-08  2.8469442E-05  2.8389721E-05  1.5658037E-05  1.5615049E-05  1.1939539E-03
   ne22     22  -5.2356233E-05  8.5994647E-04  9.1230270E-04  4.7296583E-04  5.0178907E-04 -2.5691430E-02
   ne23     23   0.0000000E+00  0.0000000E+00  0.0000000E+00  0.0000000E+00  0.0000000E+00  0.0000000E+00
   na21     21   0.0000000E+00  0.0000000E+00  0.0000000E+00  0.0000000E+00  0.0000000E+00  0.0000000E+00
   na22     22   1.4472286E-31  1.4472286E-31  0.0000000E+00  7.9596776E-32  0.0000000E+00  0.0000000E+00
   na23     23   5.4735985E-05  3.6006897E-04  3.0533298E-04  1.9803595E-04  1.6794070E-04  7.1588087E-02
   na24     24   0.0000000E+00  0.0000000E+00  0.0000000E+00  0.0000000E+00  0.0000000E+00  0.0000000E+00
   mg23     23   0.0000000E+00  0.0000000E+00  0.0000000E+00  0.0000000E+00  0.0000000E+00  0.0000000E+00
   mg24     24   6.5424720E-09  5.3803798E-03  5.3803733E-03  2.9591793E-03  2.9593385E-03 -2.3358518E-05
   mg25     25  -1.3826593E-07  7.0938889E-04  7.0952716E-04  3.9015999E-04  3.9025750E-04 -1.0852605E-04
   mg26     26   1.4354714E-07  8.1257990E-04  8.1243635E-04  4.4691448E-04  4.4686010E-04  5.2840901E-05
   mg27     27   0.0000000E+00  0.0000000E+00  0.0000000E+00  0.0000000E+00  0.0000000E+00  0.0000000E+00
   al25     25   0.0000000E+00  0.0000000E+00  0.0000000E+00  0.0000000E+00  0.0000000E+00  0.0000000E+00
   al-6     26   1.9826545E-10  1.9826545E-10  0.0000000E+00  1.0904491E-10  0.0000000E+00  0.0000000E+00
   al*6     26   0.0000000E+00  0.0000000E+00  0.0000000E+00  0.0000000E+00  0.0000000E+00  0.0000000E+00
   al27     27   2.4529594E-09  5.1808449E-04  5.1808204E-04  2.8494362E-04  2.8495795E-04 -2.1830368E-05
   al28     28   0.0000000E+00  0.0000000E+00  0.0000000E+00  0.0000000E+00  0.0000000E+00  0.0000000E+00
   si27     27   0.0000000E+00  0.0000000E+00  0.0000000E+00  0.0000000E+00  0.0000000E+00  0.0000000E+00
   si28     28   6.1062820E-09  5.9574899E-03  5.9574838E-03  3.2765867E-03  3.2767636E-03 -2.3441473E-05
   si29     29   3.3730132E-10  3.1332288E-04  3.1332254E-04  1.7232586E-04  1.7233515E-04 -2.3419083E-05
   si30     30   2.5079535E-10  2.1365998E-04  2.1365973E-04  1.1751182E-04  1.1751814E-04 -2.3376837E-05
   si31     31   0.0000000E+00  0.0000000E+00  0.0000000E+00  0.0000000E+00  0.0000000E+00  0.0000000E+00
   si32     32   0.0000000E+00  0.0000000E+00  0.0000000E+00  0.0000000E+00  0.0000000E+00  0.0000000E+00
   si33     33   0.0000000E+00  0.0000000E+00  0.0000000E+00  0.0000000E+00  0.0000000E+00  0.0000000E+00
    p29     29   0.0000000E+00  0.0000000E+00  0.0000000E+00  0.0000000E+00  0.0000000E+00  0.0000000E+00
    p30     30   0.0000000E+00  0.0000000E+00  0.0000000E+00  0.0000000E+00  0.0000000E+00  0.0000000E+00
    p31     31   7.3238895E-11  5.9483567E-05  5.9483494E-05  3.2715635E-05  3.2717394E-05 -2.3351891E-05
    p32     32   0.0000000E+00  0.0000000E+00  0.0000000E+00  0.0000000E+00  0.0000000E+00  0.0000000E+00
    p33     33   0.0000000E+00  0.0000000E+00  0.0000000E+00  0.0000000E+00  0.0000000E+00  0.0000000E+00
    p34     34   0.0000000E+00  0.0000000E+00  0.0000000E+00  0.0000000E+00  0.0000000E+00  0.0000000E+00
    s32     32   2.9659280E-09  2.8548779E-03  2.8548749E-03  1.5701671E-03  1.5702519E-03 -2.3435426E-05
    s33     33   2.5188471E-11  2.3570078E-05  2.3570053E-05  1.2963413E-05  1.2964112E-05 -2.3422500E-05
    s34     34   1.4211660E-10  1.3707731E-04  1.3707716E-04  7.5391764E-05  7.5395833E-05 -2.3436354E-05
    s35     35   8.2735755E-21  8.2735755E-21  0.0000000E+00  4.5504210E-21  0.0000000E+00  0.0000000E+00
   fe54     54   7.5565386E-10  7.1156919E-04  7.1156843E-04  3.9135914E-04  3.9138025E-04 -2.3425413E-05
   fe55     55   6.0002113E-18  6.0002113E-18  0.0000000E+00  3.3000832E-18  0.0000000E+00  0.0000000E+00
   fe56     56   1.2212620E-08  1.1583655E-02  1.1583643E-02  6.3709465E-03  6.3712902E-03 -2.3428739E-05
   fe57     57   3.1076571E-10  2.7229542E-04  2.7229511E-04  1.4976098E-04  1.4976905E-04 -2.3390962E-05
   fe58     58   3.9000563E-11  3.6873421E-05  3.6873382E-05  2.0280179E-05  2.0281273E-05 -2.3427266E-05
   fe59     59   0.0000000E+00  0.0000000E+00  0.0000000E+00  0.0000000E+00  0.0000000E+00  0.0000000E+00
   fe60     60   0.0000000E+00  0.0000000E+00  0.0000000E+00  0.0000000E+00  0.0000000E+00  0.0000000E+00
   fe61     61   0.0000000E+00  0.0000000E+00  0.0000000E+00  0.0000000E+00  0.0000000E+00  0.0000000E+00
   co59     59   3.3239331E-11  2.8436985E-05  2.8436952E-05  1.5640185E-05  1.5641027E-05 -2.3378977E-05
   co60     60   1.1468251E-37  1.1468251E-37  0.0000000E+00  6.3074749E-38  0.0000000E+00  0.0000000E+00
   co61     61   0.0000000E+00  0.0000000E+00  0.0000000E+00  0.0000000E+00  0.0000000E+00  0.0000000E+00
   ni58     58   4.8487101E-10  4.0687699E-04  4.0687650E-04  2.2378011E-04  2.2379215E-04 -2.3369070E-05
   ni59     59   2.6956639E-24  2.6956639E-24  0.0000000E+00  1.4826003E-24  0.0000000E+00  0.0000000E+00
   ni60     60   1.7446590E-10  1.6213445E-04  1.6213427E-04  8.9173053E-05  8.9177862E-05 -2.3419289E-05
   ni61     61   1.7895088E-05  2.5060568E-05  7.1654791E-06  1.3783174E-05  3.9411908E-06  5.4372178E-01
   ni62     62  -1.8188419E-05  5.0319252E-06  2.3220344E-05  2.7675312E-06  1.2771764E-05 -6.6415836E-01
