  species    A      yield       mass(i)_lost    mass(i)_0        <X(i)>         
  X0(i)   log10(<X(i)>/X0(i)) 
      g      1   1.2119252E-07  1.2119252E-07  0.0000000E+00  1.3869595E-07  0.0000000E+00  0.0000000E+00
      n      1  -1.7936620E-41 -1.7936620E-41  0.0000000E+00 -2.0527146E-41  0.0000000E+00  0.0000000E+00
      p      1  -7.6750531E-03  4.5877022E-01  4.6644528E-01  5.2502887E-01  5.3387350E-01 -7.2551820E-03
      d      2   3.1196882E-18  3.1196882E-18  0.0000000E+00  3.5702543E-18  0.0000000E+00  0.0000000E+00
    he3      3   1.8011883E-04  1.8011883E-04  0.0000000E+00  2.0613279E-04  0.0000000E+00  0.0000000E+00
    he4      4   6.9480402E-03  3.5285125E-01  3.4590321E-01  4.0381237E-01  3.9590615E-01  8.5873637E-03
    li7      7  -2.6762195E-08  1.2981736E-08  3.9743932E-08  1.4856645E-08  4.5489220E-08 -4.8598776E-01
    be7      7   2.8851345E-17  2.8851345E-17  0.0000000E+00  3.3018248E-17  0.0000000E+00  0.0000000E+00
     b8      8   4.9004732E-31  4.9004732E-31  0.0000000E+00  5.6082321E-31  0.0000000E+00  0.0000000E+00
    c12     12  -3.4092787E-03  7.5333168E-03  1.0942596E-02  8.6213285E-03  1.2524431E-02 -1.6218382E-01
    c13     13   2.5772517E-04  3.9032796E-04  1.3260278E-04  4.4670171E-04  1.5177153E-04  4.6882731E-01
    c14     14   5.3044257E-29  5.3044257E-29  0.0000000E+00  6.0705261E-29  0.0000000E+00  0.0000000E+00
    n13     13   0.0000000E+00  0.0000000E+00  0.0000000E+00  0.0000000E+00  0.0000000E+00  0.0000000E+00
    n14     14   3.7134909E-03  6.9487693E-03  3.2352784E-03  7.9523567E-03  3.7029626E-03  3.3194652E-01
    n15     15  -3.5930094E-06  4.3758668E-06  7.9688762E-06  5.0078585E-06  9.1208380E-06 -2.6038269E-01
    o14     14   0.0000000E+00  0.0000000E+00  0.0000000E+00  0.0000000E+00  0.0000000E+00  0.0000000E+00
    o15     15   0.0000000E+00  0.0000000E+00  0.0000000E+00  0.0000000E+00  0.0000000E+00  0.0000000E+00
    o16     16  -1.9437753E-05  2.6404075E-02  2.6423513E-02  3.0217527E-02  3.0243234E-02 -3.6929938E-04
    o17     17   2.0741940E-05  3.1408250E-05  1.0666310E-05  3.5944438E-05  1.2208207E-05  4.6897983E-01
    o18     18  -1.3207469E-05  4.6245434E-05  5.9452903E-05  5.2924506E-05  6.8047274E-05 -1.0915391E-01
    o19     19   0.0000000E+00  0.0000000E+00  0.0000000E+00  0.0000000E+00  0.0000000E+00  0.0000000E+00
    f17     17   0.0000000E+00  0.0000000E+00  0.0000000E+00  0.0000000E+00  0.0000000E+00  0.0000000E+00
    f18     18   0.0000000E+00  0.0000000E+00  0.0000000E+00  0.0000000E+00  0.0000000E+00  0.0000000E+00
    f19     19   4.0458626E-09  1.7161271E-06  1.7120812E-06  1.9639816E-06  1.9595756E-06  9.7537692E-04
    f20     20   0.0000000E+00  0.0000000E+00  0.0000000E+00  0.0000000E+00  0.0000000E+00  0.0000000E+00
   ne19     19   0.0000000E+00  0.0000000E+00  0.0000000E+00  0.0000000E+00  0.0000000E+00  0.0000000E+00
   ne20     20  -1.5702600E-09  5.4202844E-03  5.4202859E-03  6.2031178E-03  6.2038296E-03 -4.9830477E-05
   ne21     21   1.8707569E-09  1.3644739E-05  1.3642868E-05  1.5615403E-05  1.5615049E-05  9.8432055E-06
   ne22     22  -9.1265758E-06  4.2928653E-04  4.3841311E-04  4.9128695E-04  5.0178907E-04 -9.1859714E-03
   ne23     23   0.0000000E+00  0.0000000E+00  0.0000000E+00  0.0000000E+00  0.0000000E+00  0.0000000E+00
   na21     21   0.0000000E+00  0.0000000E+00  0.0000000E+00  0.0000000E+00  0.0000000E+00  0.0000000E+00
   na22     22   5.2003634E-36  5.2003634E-36  0.0000000E+00  5.9514344E-36  0.0000000E+00  0.0000000E+00
   na23     23   9.5415059E-06  1.5627129E-04  1.4672979E-04  1.7884103E-04  1.6794070E-04  2.7311213E-02
   na24     24   0.0000000E+00  0.0000000E+00  0.0000000E+00  0.0000000E+00  0.0000000E+00  0.0000000E+00
   mg23     23   0.0000000E+00  0.0000000E+00  0.0000000E+00  0.0000000E+00  0.0000000E+00  0.0000000E+00
   mg24     24   7.8062556E-18  2.5855740E-03  2.5855740E-03  2.9589998E-03  2.9593385E-03 -4.9704662E-05
   mg25     25  -5.9096750E-10  3.4096739E-04  3.4096798E-04  3.9021216E-04  3.9025750E-04 -5.0457384E-05
   mg26     26   3.8692420E-10  3.9042206E-04  3.9042167E-04  4.4680940E-04  4.4686010E-04 -4.9274258E-05
   mg27     27   0.0000000E+00  0.0000000E+00  0.0000000E+00  0.0000000E+00  0.0000000E+00  0.0000000E+00
   al25     25   0.0000000E+00  0.0000000E+00  0.0000000E+00  0.0000000E+00  0.0000000E+00  0.0000000E+00
   al-6     26   2.0102880E-10  2.0102880E-10  0.0000000E+00  2.3006271E-10  0.0000000E+00  0.0000000E+00
   al*6     26   0.0000000E+00  0.0000000E+00  0.0000000E+00  0.0000000E+00  0.0000000E+00  0.0000000E+00
   al27     27   4.5154799E-11  2.4896780E-04  2.4896776E-04  2.8492539E-04  2.8495795E-04 -4.9625895E-05
   al28     28   0.0000000E+00  0.0000000E+00  0.0000000E+00  0.0000000E+00  0.0000000E+00  0.0000000E+00
   si27     27   0.0000000E+00  0.0000000E+00  0.0000000E+00  0.0000000E+00  0.0000000E+00  0.0000000E+00
   si28     28   1.6479873E-17  2.8629083E-03  2.8629083E-03  3.2763886E-03  3.2767636E-03 -4.9704662E-05
   si29     29  -2.9815560E-19  1.5056922E-04  1.5056922E-04  1.7231543E-04  1.7233515E-04 -4.9704662E-05
   si30     30   3.7947076E-19  1.0267560E-04  1.0267560E-04  1.1750469E-04  1.1751814E-04 -4.9704662E-05
   si31     31   0.0000000E+00  0.0000000E+00  0.0000000E+00  0.0000000E+00  0.0000000E+00  0.0000000E+00
   si32     32   0.0000000E+00  0.0000000E+00  0.0000000E+00  0.0000000E+00  0.0000000E+00  0.0000000E+00
   si33     33   0.0000000E+00  0.0000000E+00  0.0000000E+00  0.0000000E+00  0.0000000E+00  0.0000000E+00
    p29     29   0.0000000E+00  0.0000000E+00  0.0000000E+00  0.0000000E+00  0.0000000E+00  0.0000000E+00
    p30     30   0.0000000E+00  0.0000000E+00  0.0000000E+00  0.0000000E+00  0.0000000E+00  0.0000000E+00
    p31     31   8.1315163E-20  2.8585187E-05  2.8585187E-05  3.2713650E-05  3.2717394E-05 -4.9704662E-05
    p32     32   0.0000000E+00  0.0000000E+00  0.0000000E+00  0.0000000E+00  0.0000000E+00  0.0000000E+00
    p33     33   0.0000000E+00  0.0000000E+00  0.0000000E+00  0.0000000E+00  0.0000000E+00  0.0000000E+00
    p34     34   0.0000000E+00  0.0000000E+00  0.0000000E+00  0.0000000E+00  0.0000000E+00  0.0000000E+00
    s32     32  -6.2883726E-18  1.3719291E-03  1.3719291E-03  1.5700722E-03  1.5702519E-03 -4.9704662E-05
    s33     33   2.2022857E-20  1.1326745E-05  1.1326745E-05  1.2962629E-05  1.2964112E-05 -4.9704662E-05
    s34     34  -5.4210109E-20  6.5873339E-05  6.5873339E-05  7.5387204E-05  7.5395833E-05 -4.9704662E-05
    s35     35   1.9906336E-20  1.9906336E-20  0.0000000E+00  2.2781341E-20  0.0000000E+00  0.0000000E+00
   fe54     54  -1.6263033E-19  3.4194892E-04  3.4194892E-04  3.9133546E-04  3.9138025E-04 -4.9704662E-05
   fe55     55   1.2627524E-17  1.2627524E-17  0.0000000E+00  1.4451275E-17  0.0000000E+00  0.0000000E+00
   fe56     56   1.9081958E-17  5.5665963E-03  5.5665963E-03  6.3705611E-03  6.3712902E-03 -4.9704662E-05
   fe57     57   4.0657581E-19  1.3085322E-04  1.3085322E-04  1.4975191E-04  1.4976905E-04 -4.9704662E-05
   fe58     58   9.4867690E-20  1.7719748E-05  1.7719748E-05  2.0278952E-05  2.0281273E-05 -4.9704662E-05
   fe59     59   0.0000000E+00  0.0000000E+00  0.0000000E+00  0.0000000E+00  0.0000000E+00  0.0000000E+00
   fe60     60   0.0000000E+00  0.0000000E+00  0.0000000E+00  0.0000000E+00  0.0000000E+00  0.0000000E+00
   fe61     61   0.0000000E+00  0.0000000E+00  0.0000000E+00  0.0000000E+00  0.0000000E+00  0.0000000E+00
   co59     59   5.4210109E-20  1.3665566E-05  1.3665566E-05  1.5639237E-05  1.5641027E-05 -4.9704662E-05
   co60     60   1.1848126E-40  1.1848126E-40  0.0000000E+00  1.3559311E-40  0.0000000E+00  0.0000000E+00
   co61     61   0.0000000E+00  0.0000000E+00  0.0000000E+00  0.0000000E+00  0.0000000E+00  0.0000000E+00
   ni58     58   8.1315163E-19  1.9552720E-04  1.9552720E-04  2.2376654E-04  2.2379215E-04 -4.9704662E-05
   ni59     59   2.5187034E-24  2.5187034E-24  0.0000000E+00  2.8824713E-24  0.0000000E+00  0.0000000E+00
   ni60     60  -9.4867690E-20  7.7914698E-05  7.7914698E-05  8.9167656E-05  8.9177862E-05 -4.9704662E-05
   ni61     61   7.3927440E-06  1.0836162E-05  3.4434184E-06  1.2401193E-05  3.9411908E-06  4.9783600E-01
   ni62     62  -7.5139367E-06  3.6447533E-06  1.1158690E-05  4.1711527E-06  1.2771764E-05 -4.8599478E-01
