  species    A      yield       mass(i)_lost    mass(i)_0        <X(i)>         
  X0(i)   log10(<X(i)>/X0(i)) 
      g      1   7.4687634E-07  7.4687634E-07  0.0000000E+00  2.0589853E-07  0.0000000E+00  0.0000000E+00
      n      1   0.0000000E+00  0.0000000E+00  0.0000000E+00  0.0000000E+00  0.0000000E+00  0.0000000E+00
      p      1  -9.0763875E-02  1.8457021E+00  1.9364660E+00  5.0882232E-01  5.3387350E-01 -2.0872210E-02
      d      2   1.6521130E-17  1.6521130E-17  0.0000000E+00  4.5545376E-18  0.0000000E+00  0.0000000E+00
    he3      3   7.9302851E-05  7.9302851E-05  0.0000000E+00  2.1862174E-05  0.0000000E+00  0.0000000E+00
    he4      4   8.8533030E-02  1.5245638E+00  1.4360308E+00  4.2029107E-01  3.9590615E-01  2.5957912E-02
    li7      7  -1.6346383E-07  1.5346673E-09  1.6499850E-07  4.2307639E-10  4.5489220E-08 -2.0314897E+00
    be7      7   6.6829337E-11  6.6829337E-11  0.0000000E+00  1.8423482E-11  0.0000000E+00  0.0000000E+00
     b8      8   8.9216140E-28  8.9216140E-28  0.0000000E+00  2.4595065E-28  0.0000000E+00  0.0000000E+00
    c12     12  -1.7137010E-02  2.8291606E-02  4.5428617E-02  7.7994173E-03  1.2524431E-02 -2.0569585E-01
    c13     13   9.7700192E-04  1.5275076E-03  5.5050569E-04  4.2110261E-04  1.5177153E-04  4.4319762E-01
    c14     14   1.5655370E-24  1.5655370E-24  0.0000000E+00  4.3158653E-25  0.0000000E+00  0.0000000E+00
    n13     13   0.0000000E+00  0.0000000E+00  0.0000000E+00  0.0000000E+00  0.0000000E+00  0.0000000E+00
    n14     14   2.3456516E-02  3.6887902E-02  1.3431386E-02  1.0169240E-02  3.7029626E-03  4.3873918E-01
    n15     15  -1.7313689E-05  1.5769414E-05  3.3083104E-05  4.3473050E-06  9.1208380E-06 -3.2181463E-01
    o14     14   0.0000000E+00  0.0000000E+00  0.0000000E+00  0.0000000E+00  0.0000000E+00  0.0000000E+00
    o15     15   0.0000000E+00  0.0000000E+00  0.0000000E+00  0.0000000E+00  0.0000000E+00  0.0000000E+00
    o16     16  -5.2237673E-03  1.0447449E-01  1.0969826E-01  2.8801480E-02  3.0243234E-02 -2.1213415E-02
    o17     17   1.5915430E-04  2.0343590E-04  4.4281607E-05  5.6083119E-05  1.2208207E-05  6.6218029E-01
    o18     18  -7.3575735E-05  1.7324534E-04  2.4682107E-04  4.7760196E-05  6.8047274E-05 -1.5374463E-01
    o19     19   0.0000000E+00  0.0000000E+00  0.0000000E+00  0.0000000E+00  0.0000000E+00  0.0000000E+00
    f17     17   0.0000000E+00  0.0000000E+00  0.0000000E+00  0.0000000E+00  0.0000000E+00  0.0000000E+00
    f18     18   0.0000000E+00  0.0000000E+00  0.0000000E+00  0.0000000E+00  0.0000000E+00  0.0000000E+00
    f19     19  -4.8770111E-07  6.6200717E-06  7.1077728E-06  1.8250184E-06  1.9595756E-06 -3.0894791E-02
    f20     20   0.0000000E+00  0.0000000E+00  0.0000000E+00  0.0000000E+00  0.0000000E+00  0.0000000E+00
   ne19     19   0.0000000E+00  0.0000000E+00  0.0000000E+00  0.0000000E+00  0.0000000E+00  0.0000000E+00
   ne20     20  -4.2682666E-06  2.2498262E-02  2.2502531E-02  6.2023109E-03  6.2038296E-03 -1.0633041E-04
   ne21     21   4.9623556E-06  6.1601261E-05  5.6638906E-05  1.6982208E-05  1.5615049E-05  3.6450805E-02
   ne22     22  -1.9398514E-04  1.6261042E-03  1.8200893E-03  4.4828367E-04  5.0178907E-04 -4.8968280E-02
   ne23     23   0.0000000E+00  0.0000000E+00  0.0000000E+00  0.0000000E+00  0.0000000E+00  0.0000000E+00
   na21     21   0.0000000E+00  0.0000000E+00  0.0000000E+00  0.0000000E+00  0.0000000E+00  0.0000000E+00
   na22     22   6.4392543E-17  6.4392543E-17  0.0000000E+00  1.7751707E-17  0.0000000E+00  0.0000000E+00
   na23     23   2.0262892E-04  8.1178343E-04  6.0915450E-04  2.2379209E-04  1.6794070E-04  1.2468878E-01
   na24     24   0.0000000E+00  0.0000000E+00  0.0000000E+00  0.0000000E+00  0.0000000E+00  0.0000000E+00
   mg23     23   0.0000000E+00  0.0000000E+00  0.0000000E+00  0.0000000E+00  0.0000000E+00  0.0000000E+00
   mg24     24   1.3667309E-07  1.0734249E-02  1.0734113E-02  2.9592130E-03  2.9593385E-03 -1.8416222E-05
   mg25     25  -2.3788126E-05  1.3917539E-03  1.4155420E-03  3.8367808E-04  3.9025750E-04 -7.3842667E-03
   mg26     26   2.4353054E-05  1.6452040E-03  1.6208510E-03  4.5354910E-04  4.4686010E-04  6.4527320E-03
   mg27     27   0.0000000E+00  0.0000000E+00  0.0000000E+00  0.0000000E+00  0.0000000E+00  0.0000000E+00
   al25     25   0.0000000E+00  0.0000000E+00  0.0000000E+00  0.0000000E+00  0.0000000E+00  0.0000000E+00
   al-6     26   1.6157251E-07  1.6157251E-07  0.0000000E+00  4.4542237E-08  0.0000000E+00  0.0000000E+00
   al*6     26   0.0000000E+00  0.0000000E+00  0.0000000E+00  0.0000000E+00  0.0000000E+00  0.0000000E+00
   al27     27   2.8402593E-07  1.0338835E-03  1.0335995E-03  2.8502053E-04  2.8495795E-04  9.5378821E-05
   al28     28   0.0000000E+00  0.0000000E+00  0.0000000E+00  0.0000000E+00  0.0000000E+00  0.0000000E+00
   si27     27   0.0000000E+00  0.0000000E+00  0.0000000E+00  0.0000000E+00  0.0000000E+00  0.0000000E+00
   si28     28   1.4828008E-07  1.1885625E-02  1.1885477E-02  3.2766238E-03  3.2767636E-03 -1.8527772E-05
   si29     29   7.7524296E-09  6.2510182E-04  6.2509407E-04  1.7232779E-04  1.7233515E-04 -1.8559786E-05
   si30     30   5.2449435E-09  4.2626705E-04  4.2626180E-04  1.1751311E-04  1.1751814E-04 -1.8602133E-05
   si31     31   0.0000000E+00  0.0000000E+00  0.0000000E+00  0.0000000E+00  0.0000000E+00  0.0000000E+00
   si32     32   0.0000000E+00  0.0000000E+00  0.0000000E+00  0.0000000E+00  0.0000000E+00  0.0000000E+00
   si33     33   0.0000000E+00  0.0000000E+00  0.0000000E+00  0.0000000E+00  0.0000000E+00  0.0000000E+00
    p29     29   0.0000000E+00  0.0000000E+00  0.0000000E+00  0.0000000E+00  0.0000000E+00  0.0000000E+00
    p30     30   0.0000000E+00  0.0000000E+00  0.0000000E+00  0.0000000E+00  0.0000000E+00  0.0000000E+00
    p31     31   1.5629605E-09  1.1867409E-04  1.1867253E-04  3.2716021E-05  3.2717394E-05 -1.8226103E-05
    p32     32   0.0000000E+00  0.0000000E+00  0.0000000E+00  0.0000000E+00  0.0000000E+00  0.0000000E+00
    p33     33   0.0000000E+00  0.0000000E+00  0.0000000E+00  0.0000000E+00  0.0000000E+00  0.0000000E+00
    p34     34   0.0000000E+00  0.0000000E+00  0.0000000E+00  0.0000000E+00  0.0000000E+00  0.0000000E+00
    s32     32   7.0570922E-08  5.6956882E-03  5.6956176E-03  1.5701847E-03  1.5702519E-03 -1.8564837E-05
    s33     33   5.8173126E-10  4.7024010E-05  4.7023428E-05  1.2963558E-05  1.2964112E-05 -1.8573217E-05
    s34     34   3.3914374E-09  2.7347916E-04  2.7347577E-04  7.5392611E-05  7.5395833E-05 -1.8560127E-05
    s35     35   9.2400975E-15  9.2400975E-15  0.0000000E+00  2.5473059E-15  0.0000000E+00  0.0000000E+00
   fe54     54   1.7549881E-08  1.4196320E-03  1.4196144E-03  3.9136351E-04  3.9138025E-04 -1.8576981E-05
   fe55     55   1.5107671E-11  1.5107671E-11  0.0000000E+00  4.1648759E-12  0.0000000E+00  0.0000000E+00
   fe56     56   2.8640399E-07  2.3110230E-02  2.3109944E-02  6.3710179E-03  6.3712902E-03 -1.8563657E-05
   fe57     57   6.7814228E-09  5.4324908E-04  5.4324230E-04  1.4976266E-04  1.4976905E-04 -1.8524514E-05
   fe58     58   9.2145464E-10  7.3565155E-05  7.3564233E-05  2.0280409E-05  2.0281273E-05 -1.8506008E-05
   fe59     59   5.4721309E-37  5.4721309E-37  0.0000000E+00  1.5085546E-37  0.0000000E+00  0.0000000E+00
   fe60     60   6.0244477E-26  6.0244477E-26  0.0000000E+00  1.6608170E-26  0.0000000E+00  0.0000000E+00
   fe61     61   0.0000000E+00  0.0000000E+00  0.0000000E+00  0.0000000E+00  0.0000000E+00  0.0000000E+00
   co59     59   7.1049706E-10  5.6733845E-05  5.6733135E-05  1.5640361E-05  1.5641027E-05 -1.8507031E-05
   co60     60   2.5441792E-28  2.5441792E-28  0.0000000E+00  7.0137817E-29  0.0000000E+00  0.0000000E+00
   co61     61   0.0000000E+00  0.0000000E+00  0.0000000E+00  0.0000000E+00  0.0000000E+00  0.0000000E+00
   ni58     58   1.0140222E-08  8.1174902E-04  8.1173888E-04  2.2378260E-04  2.2379215E-04 -1.8520720E-05
   ni59     59   1.2190058E-16  1.2190058E-16  0.0000000E+00  3.3605498E-17  0.0000000E+00  0.0000000E+00
   ni60     60   4.0044384E-09  3.2346995E-04  3.2346594E-04  8.9174049E-05  8.9177862E-05 -1.8569443E-05
   ni61     61   4.5559634E-05  5.9855122E-05  1.4295487E-05  1.6500833E-05  3.9411908E-06  6.2187840E-01
   ni62     62  -4.6305760E-05  1.9981959E-08  4.6325742E-05  5.5086176E-09  1.2771764E-05 -3.3652083E+00
