  species    A      yield       mass(i)_lost    mass(i)_0        <X(i)>         
  X0(i)   log10(<X(i)>/X0(i)) 
      g      1   1.0432242E-06  1.0432242E-06  0.0000000E+00  2.0647684E-07  0.0000000E+00  0.0000000E+00
      n      1   0.0000000E+00  0.0000000E+00  0.0000000E+00  0.0000000E+00  0.0000000E+00  0.0000000E+00
      p      1  -2.6718047E-01  2.4300552E+00  2.6972357E+00  4.8096095E-01  5.3387350E-01 -4.5328544E-02
      d      2   1.7700431E-17  1.7700431E-17  0.0000000E+00  3.5033016E-18  0.0000000E+00  0.0000000E+00
    he3      3   5.4281526E-05  5.4281526E-05  0.0000000E+00  1.0743498E-05  0.0000000E+00  0.0000000E+00
    he4      4   2.6413032E-01  2.2643274E+00  2.0001971E+00  4.4815980E-01  3.9590615E-01  5.3840645E-02
    li7      7  -2.2978798E-07  3.2652779E-11  2.2982064E-07  6.4626975E-12  4.5489220E-08 -3.8474947E+00
    be7      7   6.1268570E-07  6.1268570E-07  0.0000000E+00  1.2126387E-07  0.0000000E+00  0.0000000E+00
     b8      8   2.5039070E-22  2.5039070E-22  0.0000000E+00  4.9557782E-23  0.0000000E+00  0.0000000E+00
    c12     12  -2.7969625E-02  3.5306306E-02  6.3275931E-02  6.9878884E-03  1.2524431E-02 -2.5341205E-01
    c13     13   2.7869655E-03  3.5537456E-03  7.6678012E-04  7.0336380E-04  1.5177153E-04  6.6598970E-01
    c14     14   2.0471991E-08  2.0471991E-08  0.0000000E+00  4.0518537E-09  0.0000000E+00  0.0000000E+00
    n13     13   0.0000000E+00  0.0000000E+00  0.0000000E+00  0.0000000E+00  0.0000000E+00  0.0000000E+00
    n14     14   4.3295718E-02  6.2003826E-02  1.8708108E-02  1.2271910E-02  3.7029626E-03  5.2036284E-01
    n15     15  -4.3791215E-05  2.2890832E-06  4.6080298E-05  4.5305951E-07  9.1208380E-06 -1.3038795E+00
    o14     14   0.0000000E+00  0.0000000E+00  0.0000000E+00  0.0000000E+00  0.0000000E+00  0.0000000E+00
    o15     15   0.0000000E+00  0.0000000E+00  0.0000000E+00  0.0000000E+00  0.0000000E+00  0.0000000E+00
    o16     16  -1.5193226E-02  1.3760164E-01  1.5279486E-01  2.7234367E-02  3.0243234E-02 -4.5510940E-02
    o17     17   1.8089839E-04  2.4257669E-04  6.1678301E-05  4.8011221E-05  1.2208207E-05  5.9469088E-01
    o18     18  -1.9244378E-04  1.5134466E-04  3.4378844E-04  2.9954410E-05  6.8047274E-05 -3.5634996E-01
    o19     19   0.0000000E+00  0.0000000E+00  0.0000000E+00  0.0000000E+00  0.0000000E+00  0.0000000E+00
    f17     17   0.0000000E+00  0.0000000E+00  0.0000000E+00  0.0000000E+00  0.0000000E+00  0.0000000E+00
    f18     18   0.0000000E+00  0.0000000E+00  0.0000000E+00  0.0000000E+00  0.0000000E+00  0.0000000E+00
    f19     19  -1.0038353E-06  8.8963328E-06  9.9001680E-06  1.7607784E-06  1.9595756E-06 -4.6457334E-02
    f20     20   0.0000000E+00  0.0000000E+00  0.0000000E+00  0.0000000E+00  0.0000000E+00  0.0000000E+00
   ne19     19   0.0000000E+00  0.0000000E+00  0.0000000E+00  0.0000000E+00  0.0000000E+00  0.0000000E+00
   ne20     20  -1.4752972E-05  3.1328235E-02  3.1342988E-02  6.2005413E-03  6.2038296E-03 -2.3025582E-04
   ne21     21   1.5744221E-05  9.4634571E-05  7.8890350E-05  1.8730247E-05  1.5615049E-05  7.9000145E-02
   ne22     22  -3.0977141E-04  2.2253673E-03  2.5351387E-03  4.4044875E-04  5.0178907E-04 -5.6625813E-02
   ne23     23   0.0000000E+00  0.0000000E+00  0.0000000E+00  0.0000000E+00  0.0000000E+00  0.0000000E+00
   na21     21   0.0000000E+00  0.0000000E+00  0.0000000E+00  0.0000000E+00  0.0000000E+00  0.0000000E+00
   na22     22   1.1123110E-11  1.1123110E-11  0.0000000E+00  2.2015062E-12  0.0000000E+00  0.0000000E+00
   na23     23   4.3217348E-04  1.2806435E-03  8.4847000E-04  2.5346729E-04  1.6794070E-04  1.7876597E-01
   na24     24   0.0000000E+00  0.0000000E+00  0.0000000E+00  0.0000000E+00  0.0000000E+00  0.0000000E+00
   mg23     23   0.0000000E+00  0.0000000E+00  0.0000000E+00  0.0000000E+00  0.0000000E+00  0.0000000E+00
   mg24     24  -6.2492680E-06  1.4944921E-02  1.4951170E-02  2.9579259E-03  2.9593385E-03 -2.0735139E-04
   mg25     25  -7.7206490E-05  1.8944525E-03  1.9716589E-03  3.7495348E-04  3.9025750E-04 -1.7373871E-02
   mg26     26   8.4051532E-05  2.3416781E-03  2.2576266E-03  4.6346920E-04  4.4686010E-04  1.5849299E-02
   mg27     27   0.0000000E+00  0.0000000E+00  0.0000000E+00  0.0000000E+00  0.0000000E+00  0.0000000E+00
   al25     25   0.0000000E+00  0.0000000E+00  0.0000000E+00  0.0000000E+00  0.0000000E+00  0.0000000E+00
   al-6     26   2.7300647E-06  2.7300647E-06  0.0000000E+00  5.4033937E-07  0.0000000E+00  0.0000000E+00
   al*6     26   0.0000000E+00  0.0000000E+00  0.0000000E+00  0.0000000E+00  0.0000000E+00  0.0000000E+00
   al27     27   3.6376919E-06  1.4433022E-03  1.4396645E-03  2.8566100E-04  2.8495795E-04  1.0701877E-03
   al28     28   0.0000000E+00  0.0000000E+00  0.0000000E+00  0.0000000E+00  0.0000000E+00  0.0000000E+00
   si27     27   0.0000000E+00  0.0000000E+00  0.0000000E+00  0.0000000E+00  0.0000000E+00  0.0000000E+00
   si28     28   5.2707330E-07  1.6555392E-02  1.6554865E-02  3.2766733E-03  3.2767636E-03 -1.1960837E-05
   si29     29   2.3774072E-08  8.7069544E-04  8.7067166E-04  1.7232963E-04  1.7233515E-04 -1.3929232E-05
   si30     30   2.2327126E-07  5.9394843E-04  5.9372516E-04  1.1755535E-04  1.1751814E-04  1.3749874E-04
   si31     31   0.0000000E+00  0.0000000E+00  0.0000000E+00  0.0000000E+00  0.0000000E+00  0.0000000E+00
   si32     32   4.8594529E-16  4.8594529E-16  0.0000000E+00  9.6179177E-17  0.0000000E+00  0.0000000E+00
   si33     33   0.0000000E+00  0.0000000E+00  0.0000000E+00  0.0000000E+00  0.0000000E+00  0.0000000E+00
    p29     29   0.0000000E+00  0.0000000E+00  0.0000000E+00  0.0000000E+00  0.0000000E+00  0.0000000E+00
    p30     30   0.0000000E+00  0.0000000E+00  0.0000000E+00  0.0000000E+00  0.0000000E+00  0.0000000E+00
    p31     31   9.8772691E-08  1.6539359E-04  1.6529482E-04  3.2735000E-05  3.2717394E-05  2.3364952E-04
    p32     32   1.2377997E-19  1.2377997E-19  0.0000000E+00  2.4498758E-20  0.0000000E+00  0.0000000E+00
    p33     33   6.0004148E-34  6.0004148E-34  0.0000000E+00  1.1876130E-34  0.0000000E+00  0.0000000E+00
    p34     34   0.0000000E+00  0.0000000E+00  0.0000000E+00  0.0000000E+00  0.0000000E+00  0.0000000E+00
    s32     32  -5.0552304E-08  7.9331760E-03  7.9332265E-03  1.5701486E-03  1.5702519E-03 -2.8555103E-05
    s33     33   3.9809677E-09  6.5501269E-05  6.5497289E-05  1.2964131E-05  1.2964112E-05  6.0822631E-07
    s34     34   1.5600561E-08  3.8093043E-04  3.8091483E-04  7.5394444E-05  7.5395833E-05 -8.0012842E-06
    s35     35   1.0974204E-09  1.0974204E-09  0.0000000E+00  2.1720345E-10  0.0000000E+00  0.0000000E+00
   fe54     54  -1.4683413E-06  1.9758630E-03  1.9773313E-03  3.9106639E-04  3.9138025E-04 -3.4840909E-04
   fe55     55   1.3705175E-06  1.3705175E-06  0.0000000E+00  2.7125533E-07  0.0000000E+00  0.0000000E+00
   fe56     56  -2.7044502E-06  3.2186328E-02  3.2189033E-02  6.3703767E-03  6.3712902E-03 -6.2277652E-05
   fe57     57   2.5746438E-06  7.5923784E-04  7.5666320E-04  1.5026974E-04  1.4976905E-04  1.4494467E-03
   fe58     58   1.0227645E-06  1.0348781E-04  1.0246505E-04  2.0482496E-05  2.0281273E-05  4.2876715E-03
   fe59     59   1.6503057E-29  1.6503057E-29  0.0000000E+00  3.2663152E-30  0.0000000E+00  0.0000000E+00
   fe60     60   8.2287946E-10  8.2287946E-10  0.0000000E+00  1.6286580E-10  0.0000000E+00  0.0000000E+00
   fe61     61   0.0000000E+00  0.0000000E+00  0.0000000E+00  0.0000000E+00  0.0000000E+00  0.0000000E+00
   co59     59   3.4966536E-07  7.9371264E-05  7.9021599E-05  1.5709305E-05  1.5641027E-05  1.8916975E-03
   co60     60   2.0623173E-14  2.0623173E-14  0.0000000E+00  4.0817759E-15  0.0000000E+00  0.0000000E+00
   co61     61   0.0000000E+00  0.0000000E+00  0.0000000E+00  0.0000000E+00  0.0000000E+00  0.0000000E+00
   ni58     58  -4.4001024E-07  1.1302027E-03  1.1306427E-03  2.2369177E-04  2.2379215E-04 -1.9483419E-04
   ni59     59   4.9719646E-08  4.9719646E-08  0.0000000E+00  9.8406029E-09  0.0000000E+00  0.0000000E+00
   ni60     60  -1.3797197E-07  4.5040642E-04  4.5054439E-04  8.9145259E-05  8.9177862E-05 -1.5880373E-04
   ni61     61   6.3797264E-05  8.3708949E-05  1.9911684E-05  1.6567828E-05  3.9411908E-06  6.2363810E-01
   ni62     62  -6.4525150E-05  3.5528749E-10  6.4525505E-05  7.0319146E-11  1.2771764E-05 -5.2591773E+00
