  species    A      yield       mass(i)_lost    mass(i)_0        <X(i)>         
  X0(i)   log10(<X(i)>/X0(i)) 
      g      1   4.5919492E-08  4.5919492E-08  0.0000000E+00  1.1893160E-07  0.0000000E+00  0.0000000E+00
      n      1   0.0000000E+00  0.0000000E+00  0.0000000E+00  0.0000000E+00  0.0000000E+00  0.0000000E+00
      p      1  -5.2248075E-03  1.8772293E-01  1.9294774E-01  4.8620287E-01  4.9986460E-01 -1.2034863E-02
      d      2   9.3908622E-19  9.3908622E-19  0.0000000E+00  2.4322357E-18  0.0000000E+00  0.0000000E+00
    he3      3   8.7636307E-05  8.7636307E-05  0.0000000E+00  2.2697826E-04  0.0000000E+00  0.0000000E+00
    he4      4   4.9520221E-03  1.6702817E-01  1.6207615E-01  4.3260340E-01  4.1988640E-01  1.2958119E-02
    li7      7  -1.0136083E-08  9.9304829E-09  2.0066566E-08  2.5719976E-08  5.1985922E-08 -3.0561519E-01
    be7      7   8.0073995E-14  8.0073995E-14  0.0000000E+00  2.0739185E-13  0.0000000E+00  0.0000000E+00
     b8      8   6.3365156E-30  6.3365156E-30  0.0000000E+00  1.6411592E-29  0.0000000E+00  0.0000000E+00
    c12     12  -1.1752257E-03  4.3496511E-03  5.5248768E-03  1.1265608E-02  1.4313152E-02 -1.0398067E-01
    c13     13   1.2740432E-04  1.9435498E-04  6.6950663E-05  5.0337991E-04  1.7344731E-04  4.6272830E-01
    c14     14   1.5390194E-25  1.5390194E-25  0.0000000E+00  3.9860642E-25  0.0000000E+00  0.0000000E+00
    n13     13   0.0000000E+00  0.0000000E+00  0.0000000E+00  0.0000000E+00  0.0000000E+00  0.0000000E+00
    n14     14   1.2386286E-03  2.8721088E-03  1.6334803E-03  7.4387693E-03  4.2318142E-03  2.4497450E-01
    n15     15  -1.3759153E-06  2.6475416E-06  4.0234568E-06  6.8571395E-06  1.0423463E-05 -1.8186906E-01
    o14     14   0.0000000E+00  0.0000000E+00  0.0000000E+00  0.0000000E+00  0.0000000E+00  0.0000000E+00
    o15     15   0.0000000E+00  0.0000000E+00  0.0000000E+00  0.0000000E+00  0.0000000E+00  0.0000000E+00
    o16     16  -1.1603762E-06  1.3339974E-02  1.3341135E-02  3.4550568E-02  3.4562525E-02 -1.5027237E-04
    o17     17   6.4314489E-07  6.0285261E-06  5.3853812E-06  1.5613898E-05  1.3951765E-05  4.8882199E-02
    o18     18  -3.8152813E-06  2.6202273E-05  3.0017554E-05  6.7863955E-05  7.7765684E-05 -5.9148835E-02
    o19     19   0.0000000E+00  0.0000000E+00  0.0000000E+00  0.0000000E+00  0.0000000E+00  0.0000000E+00
    f17     17   0.0000000E+00  0.0000000E+00  0.0000000E+00  0.0000000E+00  0.0000000E+00  0.0000000E+00
    f18     18   0.0000000E+00  0.0000000E+00  0.0000000E+00  0.0000000E+00  0.0000000E+00  0.0000000E+00
    f19     19   3.2651966E-09  8.6768879E-07  8.6442360E-07  2.2473162E-06  2.2394394E-06  1.5248778E-03
    f20     20   0.0000000E+00  0.0000000E+00  0.0000000E+00  0.0000000E+00  0.0000000E+00  0.0000000E+00
   ne19     19   0.0000000E+00  0.0000000E+00  0.0000000E+00  0.0000000E+00  0.0000000E+00  0.0000000E+00
   ne20     20  -1.1588600E-09  2.7366815E-03  2.7366826E-03  7.0880121E-03  7.0898514E-03 -1.1268086E-04
   ne21     21   5.9854725E-11  6.8882946E-06  6.8882347E-06  1.7840701E-05  1.7845168E-05 -1.0872320E-04
   ne22     22  -1.7565352E-07  2.2117753E-04  2.2135319E-04  5.7285038E-04  5.7345385E-04 -4.5726560E-04
   ne23     23   0.0000000E+00  0.0000000E+00  0.0000000E+00  0.0000000E+00  0.0000000E+00  0.0000000E+00
   na21     21   0.0000000E+00  0.0000000E+00  0.0000000E+00  0.0000000E+00  0.0000000E+00  0.0000000E+00
   na22     22   3.6963765E-32  3.6963765E-32  0.0000000E+00  9.5736246E-32  0.0000000E+00  0.0000000E+00
   na23     23   1.8505558E-07  7.4268392E-05  7.4083337E-05  1.9235533E-04  1.9192574E-04  9.7099106E-04
   na24     24   0.0000000E+00  0.0000000E+00  0.0000000E+00  0.0000000E+00  0.0000000E+00  0.0000000E+00
   mg23     23   0.0000000E+00  0.0000000E+00  0.0000000E+00  0.0000000E+00  0.0000000E+00  0.0000000E+00
   mg24     24   9.7919998E-11  1.3054470E-03  1.3054469E-03  3.3811112E-03  3.3819869E-03 -1.1246438E-04
   mg25     25  -4.9901475E-09  1.7214850E-04  1.7215349E-04  4.4586506E-04  4.4599350E-04 -1.2508586E-04
   mg26     26   8.8141690E-10  1.9712337E-04  1.9712249E-04  5.1055003E-04  5.1068001E-04 -1.1055504E-04
   mg27     27   0.0000000E+00  0.0000000E+00  0.0000000E+00  0.0000000E+00  0.0000000E+00  0.0000000E+00
   al25     25   0.0000000E+00  0.0000000E+00  0.0000000E+00  0.0000000E+00  0.0000000E+00  0.0000000E+00
   al-6     26   3.8706979E-09  3.8706979E-09  0.0000000E+00  1.0025118E-08  0.0000000E+00  0.0000000E+00
   al*6     26   0.0000000E+00  0.0000000E+00  0.0000000E+00  0.0000000E+00  0.0000000E+00  0.0000000E+00
   al27     27   4.5961290E-10  1.2570338E-04  1.2570292E-04  3.2557208E-04  3.2565523E-04 -1.1090903E-04
   al28     28   0.0000000E+00  0.0000000E+00  0.0000000E+00  0.0000000E+00  0.0000000E+00  0.0000000E+00
   si27     27   0.0000000E+00  0.0000000E+00  0.0000000E+00  0.0000000E+00  0.0000000E+00  0.0000000E+00
   si28     28   1.0782800E-10  1.4454720E-03  1.4454719E-03  3.7437761E-03  3.7447458E-03 -1.1246456E-04
   si29     29   5.2519000E-12  7.6021860E-05  7.6021855E-05  1.9689681E-04  1.9694781E-04 -1.1246695E-04
   si30     30   1.7399993E-13  5.1840542E-05  5.1840542E-05  1.3426714E-04  1.3430192E-04 -1.1249549E-04
   si31     31   0.0000000E+00  0.0000000E+00  0.0000000E+00  0.0000000E+00  0.0000000E+00  0.0000000E+00
   si32     32   0.0000000E+00  0.0000000E+00  0.0000000E+00  0.0000000E+00  0.0000000E+00  0.0000000E+00
   si33     33   0.0000000E+00  0.0000000E+00  0.0000000E+00  0.0000000E+00  0.0000000E+00  0.0000000E+00
    p29     29   0.0000000E+00  0.0000000E+00  0.0000000E+00  0.0000000E+00  0.0000000E+00  0.0000000E+00
    p30     30   0.0000000E+00  0.0000000E+00  0.0000000E+00  0.0000000E+00  0.0000000E+00  0.0000000E+00
    p31     31   1.1931900E-12  1.4432559E-05  1.4432558E-05  3.7380365E-05  3.7390046E-05 -1.1246105E-04
    p32     32   0.0000000E+00  0.0000000E+00  0.0000000E+00  0.0000000E+00  0.0000000E+00  0.0000000E+00
    p33     33   0.0000000E+00  0.0000000E+00  0.0000000E+00  0.0000000E+00  0.0000000E+00  0.0000000E+00
    p34     34   0.0000000E+00  0.0000000E+00  0.0000000E+00  0.0000000E+00  0.0000000E+00  0.0000000E+00
    s32     32   3.6969599E-11  6.9268200E-04  6.9268197E-04  1.7940482E-03  1.7945129E-03 -1.1247377E-04
    s33     33   3.8105101E-13  5.7188327E-06  5.7188324E-06  1.4811792E-05  1.4815628E-05 -1.1246801E-04
    s34     34   4.0657581E-20  3.3259210E-05  3.3259210E-05  8.6141439E-05  8.6163755E-05 -1.1249695E-04
    s35     35   2.0172001E-20  2.0172001E-20  0.0000000E+00  5.2245535E-20  0.0000000E+00  0.0000000E+00
   fe54     54  -2.9815560E-19  1.7264877E-04  1.7264877E-04  4.4716076E-04  4.4727661E-04 -1.1249695E-04
   fe55     55   1.1279708E-17  1.1279708E-17  0.0000000E+00  2.9214472E-17  0.0000000E+00  0.0000000E+00
   fe56     56   2.1543200E-10  2.8105543E-03  2.8105540E-03  7.2793428E-03  7.2812281E-03 -1.1246366E-04
   fe57     57   4.3878599E-12  6.6067320E-05  6.6067315E-05  1.7111453E-04  1.7115885E-04 -1.1246811E-04
   fe58     58   1.1858461E-20  8.9466368E-06  8.9466368E-06  2.3171813E-05  2.3177816E-05 -1.1249695E-04
   fe59     59   0.0000000E+00  0.0000000E+00  0.0000000E+00  0.0000000E+00  0.0000000E+00  0.0000000E+00
   fe60     60   9.7995459E-36  9.7995459E-36  0.0000000E+00  2.5380849E-35  0.0000000E+00  0.0000000E+00
   fe61     61   0.0000000E+00  0.0000000E+00  0.0000000E+00  0.0000000E+00  0.0000000E+00  0.0000000E+00
   co59     59  -1.6940659E-21  6.8996948E-06  6.8996948E-06  1.7870228E-05  1.7874857E-05 -1.1249695E-04
   co60     60   1.4784614E-40  1.4784614E-40  0.0000000E+00  3.8292189E-40  0.0000000E+00  0.0000000E+00
   co61     61   0.0000000E+00  0.0000000E+00  0.0000000E+00  0.0000000E+00  0.0000000E+00  0.0000000E+00
   ni58     58   1.1162100E-11  9.8720985E-05  9.8720974E-05  2.5568761E-04  2.5575382E-04 -1.1244785E-04
   ni59     59   2.4498825E-20  2.4498825E-20  0.0000000E+00  6.3452020E-20  0.0000000E+00  0.0000000E+00
   ni60     60   2.3106000E-12  3.9338851E-05  3.9338849E-05  1.0188773E-04  1.0191412E-04 -1.1247144E-04
   ni61     61   2.8010890E-06  4.5396585E-06  1.7385695E-06  1.1757727E-05  4.5040662E-06  4.1671862E-01
   ni62     62  -2.8470083E-06  2.7869734E-06  5.6339817E-06  7.2182683E-06  1.4595808E-05 -3.0579510E-01
