  species    A      yield       mass(i)_lost    mass(i)_0        <X(i)>         
  X0(i)   log10(<X(i)>/X0(i)) 
      g      1   5.9198539E-07  5.9198539E-07  0.0000000E+00  2.2210002E-07  0.0000000E+00  0.0000000E+00
      n      1   0.0000000E+00  0.0000000E+00  0.0000000E+00  0.0000000E+00  0.0000000E+00  0.0000000E+00
      p      1  -2.4687706E-02  1.2329034E+00  1.2575911E+00  4.6255850E-01  4.7185620E-01 -8.6429955E-03
      d      2   1.0474214E-17  1.0474214E-17  0.0000000E+00  3.9296969E-18  0.0000000E+00  0.0000000E+00
    he3      3   6.7457663E-05  6.7457663E-05  0.0000000E+00  2.5308645E-05  0.0000000E+00  0.0000000E+00
    he4      4   2.2378271E-02  1.1893798E+00  1.1670015E+00  4.4622938E-01  4.3786640E-01  8.2165446E-03
    li7      7  -1.3072362E-07  2.5143097E-08  1.5586672E-07  9.4331422E-09  5.8482185E-08 -7.9236721E-01
    be7      7   3.6326998E-14  3.6326998E-14  0.0000000E+00  1.3629098E-14  0.0000000E+00  0.0000000E+00
     b8      8   4.0410710E-31  4.0410710E-31  0.0000000E+00  1.5161218E-31  0.0000000E+00  0.0000000E+00
    c12     12  -1.5033677E-02  2.7880714E-02  4.2914390E-02  1.0460236E-02  1.6101752E-02 -1.8733165E-01
    c13     13   9.8643253E-04  1.5064707E-03  5.2003820E-04  5.6519499E-04  1.9512164E-04  4.6189287E-01
    c14     14   5.9673659E-29  5.9673659E-29  0.0000000E+00  2.2388256E-29  0.0000000E+00  0.0000000E+00
    n13     13   0.0000000E+00  0.0000000E+00  0.0000000E+00  0.0000000E+00  0.0000000E+00  0.0000000E+00
    n14     14   1.7857380E-02  3.0545410E-02  1.2688031E-02  1.1459972E-02  4.7606299E-03  3.8151915E-01
    n15     15  -1.5803030E-05  1.5449102E-05  3.1252132E-05  5.7961666E-06  1.1725999E-05 -3.0600899E-01
    o14     14   0.0000000E+00  0.0000000E+00  0.0000000E+00  0.0000000E+00  0.0000000E+00  0.0000000E+00
    o15     15   0.0000000E+00  0.0000000E+00  0.0000000E+00  0.0000000E+00  0.0000000E+00  0.0000000E+00
    o16     16  -1.6609851E-03  1.0196605E-01  1.0362704E-01  3.8255442E-02  3.8881525E-02 -7.0500652E-03
    o17     17   1.6570329E-04  2.0753415E-04  4.1830860E-05  7.7862292E-05  1.5695205E-05  6.9556020E-01
    o18     18  -6.2026812E-05  1.7113405E-04  2.3316086E-04  6.4205765E-05  8.7483438E-05 -1.3435181E-01
    o19     19   0.0000000E+00  0.0000000E+00  0.0000000E+00  0.0000000E+00  0.0000000E+00  0.0000000E+00
    f17     17   0.0000000E+00  0.0000000E+00  0.0000000E+00  0.0000000E+00  0.0000000E+00  0.0000000E+00
    f18     18   0.0000000E+00  0.0000000E+00  0.0000000E+00  0.0000000E+00  0.0000000E+00  0.0000000E+00
    f19     19  -2.0406762E-07  6.5103284E-06  6.7143960E-06  2.4425333E-06  2.5192841E-06 -1.3436646E-02
    f20     20   0.0000000E+00  0.0000000E+00  0.0000000E+00  0.0000000E+00  0.0000000E+00  0.0000000E+00
   ne19     19   0.0000000E+00  0.0000000E+00  0.0000000E+00  0.0000000E+00  0.0000000E+00  0.0000000E+00
   ne20     20  -1.1684237E-06  2.1255969E-02  2.1257138E-02  7.9747766E-03  7.9758134E-03 -5.6460953E-05
   ne21     21   1.3292857E-06  5.4833532E-05  5.3504246E-05  2.0572346E-05  2.0075134E-05  1.0625382E-02
   ne22     22  -1.2356709E-04  1.5957901E-03  1.7193572E-03  5.9870568E-04  6.4511377E-04 -3.2422932E-02
   ne23     23   0.0000000E+00  0.0000000E+00  0.0000000E+00  0.0000000E+00  0.0000000E+00  0.0000000E+00
   na21     21   0.0000000E+00  0.0000000E+00  0.0000000E+00  0.0000000E+00  0.0000000E+00  0.0000000E+00
   na22     22   5.8392332E-36  5.8392332E-36  0.0000000E+00  2.1907531E-36  0.0000000E+00  0.0000000E+00
   na23     23   1.2913148E-04  7.0457253E-04  5.7544105E-04  2.6434026E-04  2.1590914E-04  8.7892280E-02
   na24     24   0.0000000E+00  0.0000000E+00  0.0000000E+00  0.0000000E+00  0.0000000E+00  0.0000000E+00
   mg23     23   0.0000000E+00  0.0000000E+00  0.0000000E+00  0.0000000E+00  0.0000000E+00  0.0000000E+00
   mg24     24   2.3666976E-08  1.0140061E-02  1.0140038E-02  3.8043301E-03  3.8046067E-03 -3.1575140E-05
   mg25     25  -6.8000552E-06  1.3303993E-03  1.3371993E-03  4.9913682E-04  5.0172570E-04 -2.2467396E-03
   mg26     26   6.9506452E-06  1.5380962E-03  1.5311456E-03  5.7706018E-04  5.7449556E-04  1.9344325E-03
   mg27     27   0.0000000E+00  0.0000000E+00  0.0000000E+00  0.0000000E+00  0.0000000E+00  0.0000000E+00
   al25     25   0.0000000E+00  0.0000000E+00  0.0000000E+00  0.0000000E+00  0.0000000E+00  0.0000000E+00
   al-6     26   5.9933339E-08  5.9933339E-08  0.0000000E+00  2.2485683E-08  0.0000000E+00  0.0000000E+00
   al*6     26   0.0000000E+00  0.0000000E+00  0.0000000E+00  0.0000000E+00  0.0000000E+00  0.0000000E+00
   al27     27   7.2176281E-08  9.7646758E-04  9.7639541E-04  3.6634936E-04  3.6634977E-04 -4.8642249E-07
   al28     28   0.0000000E+00  0.0000000E+00  0.0000000E+00  0.0000000E+00  0.0000000E+00  0.0000000E+00
   si27     27   0.0000000E+00  0.0000000E+00  0.0000000E+00  0.0000000E+00  0.0000000E+00  0.0000000E+00
   si28     28   2.7611472E-08  1.1227706E-02  1.1227678E-02  4.2123906E-03  4.2126963E-03 -3.1520758E-05
   si29     29   1.3371308E-09  5.9049983E-04  5.9049849E-04  2.2154267E-04  2.2155879E-04 -3.1605368E-05
   si30     30   9.0350280E-10  4.0267142E-04  4.0267052E-04  1.5107354E-04  1.5108454E-04 -3.1614329E-05
   si31     31   0.0000000E+00  0.0000000E+00  0.0000000E+00  0.0000000E+00  0.0000000E+00  0.0000000E+00
   si32     32   0.0000000E+00  0.0000000E+00  0.0000000E+00  0.0000000E+00  0.0000000E+00  0.0000000E+00
   si33     33   0.0000000E+00  0.0000000E+00  0.0000000E+00  0.0000000E+00  0.0000000E+00  0.0000000E+00
    p29     29   0.0000000E+00  0.0000000E+00  0.0000000E+00  0.0000000E+00  0.0000000E+00  0.0000000E+00
    p30     30   0.0000000E+00  0.0000000E+00  0.0000000E+00  0.0000000E+00  0.0000000E+00  0.0000000E+00
    p31     31   2.8091208E-10  1.1210493E-04  1.1210465E-04  4.2059327E-05  4.2062378E-05 -3.1500533E-05
    p32     32   0.0000000E+00  0.0000000E+00  0.0000000E+00  0.0000000E+00  0.0000000E+00  0.0000000E+00
    p33     33   0.0000000E+00  0.0000000E+00  0.0000000E+00  0.0000000E+00  0.0000000E+00  0.0000000E+00
    p34     34   0.0000000E+00  0.0000000E+00  0.0000000E+00  0.0000000E+00  0.0000000E+00  0.0000000E+00
    s32     32   1.2451814E-08  5.3804084E-03  5.3803959E-03  2.0186120E-03  2.0187588E-03 -3.1583704E-05
    s33     33   9.9385308E-11  4.4421037E-05  4.4420938E-05  1.6665805E-05  1.6667019E-05 -3.1617119E-05
    s34     34   5.8900920E-10  2.5834094E-04  2.5834035E-04  9.6923891E-05  9.6930943E-05 -3.1598609E-05
    s35     35   1.3024442E-19  1.3024442E-19  0.0000000E+00  4.8864870E-20  0.0000000E+00  0.0000000E+00
   fe54     54   3.1518655E-09  1.3410495E-03  1.3410464E-03  5.0313256E-04  5.0316913E-04 -3.1568065E-05
   fe55     55   1.7852207E-16  1.7852207E-16  0.0000000E+00  6.6977590E-17  0.0000000E+00  0.0000000E+00
   fe56     56   4.9252896E-08  2.1830982E-02  2.1830933E-02  8.1905087E-03  8.1911049E-03 -3.1608975E-05
   fe57     57   1.1697563E-09  5.1317794E-04  5.1317677E-04  1.9253318E-04  1.9254719E-04 -3.1598840E-05
   fe58     58   1.5767323E-10  6.9493008E-05  6.9492851E-05  2.6072263E-05  2.6074160E-05 -3.1603413E-05
   fe59     59   0.0000000E+00  0.0000000E+00  0.0000000E+00  0.0000000E+00  0.0000000E+00  0.0000000E+00
   fe60     60   4.1736717E-36  4.1736717E-36  0.0000000E+00  1.5658707E-36  0.0000000E+00  0.0000000E+00
   fe61     61   0.0000000E+00  0.0000000E+00  0.0000000E+00  0.0000000E+00  0.0000000E+00  0.0000000E+00
   co59     59   1.2422497E-10  5.3593387E-05  5.3593263E-05  2.0107071E-05  2.0108533E-05 -3.1582129E-05
   co60     60   0.0000000E+00  0.0000000E+00  0.0000000E+00  0.0000000E+00  0.0000000E+00  0.0000000E+00
   co61     61   0.0000000E+00  0.0000000E+00  0.0000000E+00  0.0000000E+00  0.0000000E+00  0.0000000E+00
   ni58     58   1.7622302E-09  7.6681532E-04  7.6681356E-04  2.8769240E-04  2.8771333E-04 -3.1590728E-05
   ni59     59   3.0286657E-24  3.0286657E-24  0.0000000E+00  1.1362894E-24  0.0000000E+00  0.0000000E+00
   ni60     60   7.3559520E-10  3.0556457E-04  3.0556383E-04  1.1464117E-04  1.1464949E-04 -3.1543296E-05
   ni61     61   3.6111140E-05  4.9615449E-05  1.3504309E-05  1.8614635E-05  5.0669028E-06  5.6511196E-01
   ni62     62  -3.6702991E-05  7.0588658E-06  4.3761857E-05  2.6483326E-06  1.6419727E-05 -7.9239341E-01
