  species    A      yield       mass(i)_lost    mass(i)_0        <X(i)>         
  X0(i)   log10(<X(i)>/X0(i)) 
      g      1   2.7143538E-07  2.7143538E-07  0.0000000E+00  2.0453273E-07  0.0000000E+00  0.0000000E+00
      n      1   0.0000000E+00  0.0000000E+00  0.0000000E+00  0.0000000E+00  0.0000000E+00  0.0000000E+00
      p      1  -5.1897073E-03  6.1831027E-01  6.2349997E-01  4.6591083E-01  4.6985680E-01 -3.6627082E-03
      d      2   4.8140018E-18  4.8140018E-18  0.0000000E+00  3.6274598E-18  0.0000000E+00  0.0000000E+00
    he3      3   1.1540000E-04  1.1540000E-04  0.0000000E+00  8.6956521E-05  0.0000000E+00  0.0000000E+00
    he4      4   3.8988175E-03  5.8760100E-01  5.8370218E-01  4.4277070E-01  4.3986600E-01  2.8584827E-03
    li7      7  -5.9938798E-08  1.7667061E-08  7.7605860E-08  1.3312532E-08  5.8482185E-08 -6.4276292E-01
    be7      7   4.0735540E-15  4.0735540E-15  0.0000000E+00  3.0695155E-15  0.0000000E+00  0.0000000E+00
     b8      8   5.2589927E-31  5.2589927E-31  0.0000000E+00  3.9627705E-31  0.0000000E+00  0.0000000E+00
    c12     12  -7.2843356E-03  1.4082690E-02  2.1367025E-02  1.0611627E-02  1.6101752E-02 -1.8109118E-01
    c13     13   4.9905567E-04  7.5798209E-04  2.5892642E-04  5.7115672E-04  1.9512164E-04  4.6644985E-01
    c14     14   3.0901406E-29  3.0901406E-29  0.0000000E+00  2.3284912E-29  0.0000000E+00  0.0000000E+00
    n13     13   0.0000000E+00  0.0000000E+00  0.0000000E+00  0.0000000E+00  0.0000000E+00  0.0000000E+00
    n14     14   8.0027211E-03  1.4320077E-02  6.3173558E-03  1.0790503E-02  4.7606299E-03  3.5537729E-01
    n15     15  -7.5980272E-06  7.9623734E-06  1.5560401E-05  5.9998292E-06  1.1725999E-05 -2.9101096E-01
    o14     14   0.0000000E+00  0.0000000E+00  0.0000000E+00  0.0000000E+00  0.0000000E+00  0.0000000E+00
    o15     15   0.0000000E+00  0.0000000E+00  0.0000000E+00  0.0000000E+00  0.0000000E+00  0.0000000E+00
    o16     16  -1.1890334E-04  5.1476880E-02  5.1595783E-02  3.8788999E-02  3.8881525E-02 -1.0347201E-03
    o17     17   1.1195435E-04  1.3278188E-04  2.0827537E-05  1.0005417E-04  1.5695205E-05  8.0446819E-01
    o18     18  -2.9329866E-05  8.6760656E-05  1.1609052E-04  6.5376125E-05  8.7483438E-05 -1.2650666E-01
    o19     19   0.0000000E+00  0.0000000E+00  0.0000000E+00  0.0000000E+00  0.0000000E+00  0.0000000E+00
    f17     17   0.0000000E+00  0.0000000E+00  0.0000000E+00  0.0000000E+00  0.0000000E+00  0.0000000E+00
    f18     18   0.0000000E+00  0.0000000E+00  0.0000000E+00  0.0000000E+00  0.0000000E+00  0.0000000E+00
    f19     19  -2.9921323E-08  3.3131687E-06  3.3430900E-06  2.4965479E-06  2.5192841E-06 -3.9372479E-03
    f20     20   0.0000000E+00  0.0000000E+00  0.0000000E+00  0.0000000E+00  0.0000000E+00  0.0000000E+00
   ne19     19   0.0000000E+00  0.0000000E+00  0.0000000E+00  0.0000000E+00  0.0000000E+00  0.0000000E+00
   ne20     20  -1.7754020E-08  1.0583887E-02  1.0583904E-02  7.9751990E-03  7.9758134E-03 -3.3454819E-05
   ne21     21   1.8756255E-08  2.6658458E-05  2.6639702E-05  2.0087754E-05  2.0075134E-05  2.7294047E-04
   ne22     22  -4.3924626E-05  8.1214134E-04  8.5606597E-04  6.1196695E-04  6.4511377E-04 -2.2908340E-02
   ne23     23   0.0000000E+00  0.0000000E+00  0.0000000E+00  0.0000000E+00  0.0000000E+00  0.0000000E+00
   na21     21   0.0000000E+00  0.0000000E+00  0.0000000E+00  0.0000000E+00  0.0000000E+00  0.0000000E+00
   na22     22   9.7083718E-39  9.7083718E-39  0.0000000E+00  7.3154787E-39  0.0000000E+00  0.0000000E+00
   na23     23   4.5921673E-05  3.3243311E-04  2.8651143E-04  2.5049590E-04  2.1590914E-04  6.4529583E-02
   na24     24   0.0000000E+00  0.0000000E+00  0.0000000E+00  0.0000000E+00  0.0000000E+00  0.0000000E+00
   mg23     23   0.0000000E+00  0.0000000E+00  0.0000000E+00  0.0000000E+00  0.0000000E+00  0.0000000E+00
   mg24     24   3.1833597E-10  5.0487134E-03  5.0487131E-03  3.8043203E-03  3.8046067E-03 -3.2698925E-05
   mg25     25  -1.6301433E-08  6.6577370E-04  6.6579000E-04  5.0167561E-04  5.0172570E-04 -4.3359855E-05
   mg26     26   1.5235771E-08  7.6237084E-04  7.6235561E-04  5.7446375E-04  5.7449556E-04 -2.4046967E-05
   mg27     27   0.0000000E+00  0.0000000E+00  0.0000000E+00  0.0000000E+00  0.0000000E+00  0.0000000E+00
   al25     25   0.0000000E+00  0.0000000E+00  0.0000000E+00  0.0000000E+00  0.0000000E+00  0.0000000E+00
   al-6     26   1.4090664E-09  1.4090664E-09  0.0000000E+00  1.0617636E-09  0.0000000E+00  0.0000000E+00
   al*6     26   0.0000000E+00  0.0000000E+00  0.0000000E+00  0.0000000E+00  0.0000000E+00  0.0000000E+00
   al27     27   4.6060245E-10  4.8614661E-04  4.8614614E-04  3.6632251E-04  3.6634977E-04 -3.2314834E-05
   al28     28   0.0000000E+00  0.0000000E+00  0.0000000E+00  0.0000000E+00  0.0000000E+00  0.0000000E+00
   si27     27   0.0000000E+00  0.0000000E+00  0.0000000E+00  0.0000000E+00  0.0000000E+00  0.0000000E+00
   si28     28   7.4278403E-10  5.5902488E-03  5.5902480E-03  4.2123794E-03  4.2126963E-03 -3.2668604E-05
   si29     29   3.4613818E-11  2.9400855E-04  2.9400852E-04  2.2154212E-04  2.2155879E-04 -3.2675179E-05
   si30     30   1.5916801E-11  2.0048920E-04  2.0048919E-04  1.5107317E-04  1.5108454E-04 -3.2691830E-05
   si31     31   0.0000000E+00  0.0000000E+00  0.0000000E+00  0.0000000E+00  0.0000000E+00  0.0000000E+00
   si32     32   0.0000000E+00  0.0000000E+00  0.0000000E+00  0.0000000E+00  0.0000000E+00  0.0000000E+00
   si33     33   0.0000000E+00  0.0000000E+00  0.0000000E+00  0.0000000E+00  0.0000000E+00  0.0000000E+00
    p29     29   0.0000000E+00  0.0000000E+00  0.0000000E+00  0.0000000E+00  0.0000000E+00  0.0000000E+00
    p30     30   0.0000000E+00  0.0000000E+00  0.0000000E+00  0.0000000E+00  0.0000000E+00  0.0000000E+00
    p31     31   4.1115302E-12  5.5816780E-05  5.5816775E-05  4.2059212E-05  4.2062378E-05 -3.2694318E-05
    p32     32   0.0000000E+00  0.0000000E+00  0.0000000E+00  0.0000000E+00  0.0000000E+00  0.0000000E+00
    p33     33   0.0000000E+00  0.0000000E+00  0.0000000E+00  0.0000000E+00  0.0000000E+00  0.0000000E+00
    p34     34   0.0000000E+00  0.0000000E+00  0.0000000E+00  0.0000000E+00  0.0000000E+00  0.0000000E+00
    s32     32   1.1275703E-17  2.6788929E-03  2.6788929E-03  2.0186067E-03  2.0187588E-03 -3.2726309E-05
    s33     33  -2.0328791E-19  2.2117134E-05  2.2117134E-05  1.6665763E-05  1.6667019E-05 -3.2726309E-05
    s34     34   9.0191797E-12  1.2862737E-04  1.2862736E-04  9.6923646E-05  9.6930943E-05 -3.2695857E-05
    s35     35   1.0513616E-20  1.0513616E-20  0.0000000E+00  7.9222484E-21  0.0000000E+00  0.0000000E+00
   fe54     54   6.4463044E-11  6.6770550E-04  6.6770544E-04  5.0313127E-04  5.0316913E-04 -3.2684380E-05
   fe55     55   7.3904061E-18  7.3904061E-18  0.0000000E+00  5.5688389E-18  0.0000000E+00  0.0000000E+00
   fe56     56   7.4272793E-10  1.0869597E-02  1.0869596E-02  8.1904882E-03  8.1911049E-03 -3.2696633E-05
   fe57     57   1.5120959E-11  2.5551014E-04  2.5551012E-04  1.9253269E-04  1.9254719E-04 -3.2700608E-05
   fe58     58   2.3078492E-12  3.4600412E-05  3.4600410E-05  2.6072197E-05  2.6074160E-05 -3.2697341E-05
   fe59     59   0.0000000E+00  0.0000000E+00  0.0000000E+00  0.0000000E+00  0.0000000E+00  0.0000000E+00
   fe60     60   1.8301059E-35  1.8301059E-35  0.0000000E+00  1.3790264E-35  0.0000000E+00  0.0000000E+00
   fe61     61   0.0000000E+00  0.0000000E+00  0.0000000E+00  0.0000000E+00  0.0000000E+00  0.0000000E+00
   co59     59   1.5651519E-12  2.6684025E-05  2.6684024E-05  2.0107019E-05  2.0108533E-05 -3.2700835E-05
   co60     60   0.0000000E+00  0.0000000E+00  0.0000000E+00  0.0000000E+00  0.0000000E+00  0.0000000E+00
   co61     61   0.0000000E+00  0.0000000E+00  0.0000000E+00  0.0000000E+00  0.0000000E+00  0.0000000E+00
   ni58     58   3.8453999E-11  3.8179562E-04  3.8179558E-04  2.8769168E-04  2.8771333E-04 -3.2682567E-05
   ni59     59   4.6845214E-21  4.6845214E-21  0.0000000E+00  3.5298933E-21  0.0000000E+00  0.0000000E+00
   ni60     60   2.3875201E-11  1.5213990E-04  1.5213988E-04  1.1464087E-04  1.1464949E-04 -3.2658155E-05
   ni61     61   1.6557558E-05  2.3281338E-05  6.7237801E-06  1.7543017E-05  5.0669028E-06  5.3936172E-01
   ni62     62  -1.6828991E-05  4.9599870E-06  2.1788978E-05  3.7374629E-06  1.6419727E-05 -6.4278905E-01
