  species    A      yield       mass(i)_lost    mass(i)_0        <X(i)>         
  X0(i)   log10(<X(i)>/X0(i)) 
      g      1   9.5639372E-07  9.5639372E-07  0.0000000E+00  2.6443822E-07  0.0000000E+00  0.0000000E+00
      n      1   0.0000000E+00  0.0000000E+00  0.0000000E+00  0.0000000E+00  0.0000000E+00  0.0000000E+00
      p      1  -1.2524703E-01  1.5812209E+00  1.7064679E+00  4.3719991E-01  4.7185620E-01 -3.3129601E-02
      d      2   1.5515836E-17  1.5515836E-17  0.0000000E+00  4.2900533E-18  0.0000000E+00  0.0000000E+00
    he3      3   4.9880524E-05  4.9880524E-05  0.0000000E+00  1.3791723E-05  0.0000000E+00  0.0000000E+00
    he4      4   1.2258124E-01  1.7061251E+00  1.5835438E+00  4.7173530E-01  4.3786640E-01  3.2356759E-02
    li7      7  -1.9725349E-07  1.4247332E-08  2.1150082E-07  3.9393182E-09  5.8482185E-08 -1.1716025E+00
    be7      7   2.2277414E-10  2.2277414E-10  0.0000000E+00  6.1595967E-11  0.0000000E+00  0.0000000E+00
     b8      8   3.9280291E-25  3.9280291E-25  0.0000000E+00  1.0860810E-25  0.0000000E+00  0.0000000E+00
    c12     12  -2.2549756E-02  3.5682231E-02  5.8231988E-02  9.8659638E-03  1.6101752E-02 -2.1273363E-01
    c13     13   1.2510710E-03  1.9567284E-03  7.0565741E-04  5.4102591E-04  1.9512164E-04  4.4291262E-01
    c14     14   7.2139993E-23  7.2139993E-23  0.0000000E+00  1.9946358E-23  0.0000000E+00  0.0000000E+00
    n13     13   0.0000000E+00  0.0000000E+00  0.0000000E+00  0.0000000E+00  0.0000000E+00  0.0000000E+00
    n14     14   3.2426713E-02  4.9643531E-02  1.7216818E-02  1.3726195E-02  4.7606299E-03  4.5988576E-01
    n15     15  -2.2705591E-05  1.9701484E-05  4.2407075E-05  5.4473648E-06  1.1725999E-05 -3.3296339E-01
    o14     14   0.0000000E+00  0.0000000E+00  0.0000000E+00  0.0000000E+00  0.0000000E+00  0.0000000E+00
    o15     15   0.0000000E+00  0.0000000E+00  0.0000000E+00  0.0000000E+00  0.0000000E+00  0.0000000E+00
    o16     16  -8.5909038E-03  1.3202413E-01  1.4061503E-01  3.6504031E-02  3.8881525E-02 -2.7402458E-02
    o17     17   1.8434095E-04  2.4110266E-04  5.6761708E-05  6.6663716E-05  1.5695205E-05  6.2812253E-01
    o18     18  -9.8178566E-05  2.1820529E-04  3.1638385E-04  6.0332703E-05  8.7483438E-05 -1.6137306E-01
    o19     19   0.0000000E+00  0.0000000E+00  0.0000000E+00  0.0000000E+00  0.0000000E+00  0.0000000E+00
    f17     17   0.0000000E+00  0.0000000E+00  0.0000000E+00  0.0000000E+00  0.0000000E+00  0.0000000E+00
    f18     18   0.0000000E+00  0.0000000E+00  0.0000000E+00  0.0000000E+00  0.0000000E+00  0.0000000E+00
    f19     19  -8.0770954E-07  8.3032814E-06  9.1109909E-06  2.2958170E-06  2.5192841E-06 -4.0339875E-02
    f20     20   0.0000000E+00  0.0000000E+00  0.0000000E+00  0.0000000E+00  0.0000000E+00  0.0000000E+00
   ne19     19   0.0000000E+00  0.0000000E+00  0.0000000E+00  0.0000000E+00  0.0000000E+00  0.0000000E+00
   ne20     20  -7.2250242E-06  2.8837304E-02  2.8844529E-02  7.9733747E-03  7.9758134E-03 -1.3281314E-04
   ne21     21   8.2832853E-06  8.0885006E-05  7.2601720E-05  2.2364312E-05  2.0075134E-05  4.6897092E-02
   ne22     22  -2.9166441E-04  2.0413895E-03  2.3330539E-03  5.6443430E-04  6.4511377E-04 -5.8022914E-02
   ne23     23   0.0000000E+00  0.0000000E+00  0.0000000E+00  0.0000000E+00  0.0000000E+00  0.0000000E+00
   na21     21   0.0000000E+00  0.0000000E+00  0.0000000E+00  0.0000000E+00  0.0000000E+00  0.0000000E+00
   na22     22   2.3704966E-31  2.3704966E-31  0.0000000E+00  6.5543081E-32  0.0000000E+00  0.0000000E+00
   na23     23   3.0460266E-04  1.0854381E-03  7.8083542E-04  3.0011836E-04  2.1590914E-04  1.4302153E-01
   na24     24   0.0000000E+00  0.0000000E+00  0.0000000E+00  0.0000000E+00  0.0000000E+00  0.0000000E+00
   mg23     23   0.0000000E+00  0.0000000E+00  0.0000000E+00  0.0000000E+00  0.0000000E+00  0.0000000E+00
   mg24     24   1.8140678E-07  1.3759542E-02  1.3759360E-02  3.8044465E-03  3.8046067E-03 -1.8290920E-05
   mg25     25  -4.4024895E-05  1.7704661E-03  1.8144910E-03  4.8952529E-04  5.0172570E-04 -1.0691219E-02
   mg26     26   4.4676741E-05  2.1223399E-03  2.0776632E-03  5.8681669E-04  5.7449556E-04  9.2157831E-03
   mg27     27   0.0000000E+00  0.0000000E+00  0.0000000E+00  0.0000000E+00  0.0000000E+00  0.0000000E+00
   al25     25   0.0000000E+00  0.0000000E+00  0.0000000E+00  0.0000000E+00  0.0000000E+00  0.0000000E+00
   al-6     26   7.0504520E-07  7.0504520E-07  0.0000000E+00  1.9494158E-07  0.0000000E+00  0.0000000E+00
   al*6     26   0.0000000E+00  0.0000000E+00  0.0000000E+00  0.0000000E+00  0.0000000E+00  0.0000000E+00
   al27     27   4.7898766E-07  1.3253829E-03  1.3249039E-03  3.6646195E-04  3.6634977E-04  1.3296379E-04
   al28     28   0.0000000E+00  0.0000000E+00  0.0000000E+00  0.0000000E+00  0.0000000E+00  0.0000000E+00
   si27     27   0.0000000E+00  0.0000000E+00  0.0000000E+00  0.0000000E+00  0.0000000E+00  0.0000000E+00
   si28     28   1.9341445E-07  1.5235410E-02  1.5235216E-02  4.2125168E-03  4.2126963E-03 -1.8503298E-05
   si29     29   9.3445873E-09  8.0127671E-04  8.0126737E-04  2.2154912E-04  2.2155879E-04 -1.8951902E-05
   si30     30   8.0939225E-09  5.4640534E-04  5.4639725E-04  1.5107843E-04  1.5108454E-04 -1.7583460E-05
   si31     31   0.0000000E+00  0.0000000E+00  0.0000000E+00  0.0000000E+00  0.0000000E+00  0.0000000E+00
   si32     32   0.0000000E+00  0.0000000E+00  0.0000000E+00  0.0000000E+00  0.0000000E+00  0.0000000E+00
   si33     33   0.0000000E+00  0.0000000E+00  0.0000000E+00  0.0000000E+00  0.0000000E+00  0.0000000E+00
    p29     29   0.0000000E+00  0.0000000E+00  0.0000000E+00  0.0000000E+00  0.0000000E+00  0.0000000E+00
    p30     30   0.0000000E+00  0.0000000E+00  0.0000000E+00  0.0000000E+00  0.0000000E+00  0.0000000E+00
    p31     31   3.7221326E-09  1.5212231E-04  1.5211859E-04  4.2061081E-05  4.2062378E-05 -1.3390269E-05
    p32     32   0.0000000E+00  0.0000000E+00  0.0000000E+00  0.0000000E+00  0.0000000E+00  0.0000000E+00
    p33     33   0.0000000E+00  0.0000000E+00  0.0000000E+00  0.0000000E+00  0.0000000E+00  0.0000000E+00
    p34     34   0.0000000E+00  0.0000000E+00  0.0000000E+00  0.0000000E+00  0.0000000E+00  0.0000000E+00
    s32     32   8.8418278E-08  7.3009296E-03  7.3008411E-03  2.0186716E-03  2.0187588E-03 -1.8757150E-05
    s33     33  -2.4465801E-10  6.0276028E-05  6.0276273E-05  1.6666029E-05  1.6667019E-05 -2.5779508E-05
    s34     34   4.3774767E-09  3.5055513E-04  3.5055076E-04  9.6926794E-05  9.6930943E-05 -1.8593541E-05
    s35     35   1.3600652E-11  1.3600652E-11  0.0000000E+00  3.7605143E-12  0.0000000E+00  0.0000000E+00
   fe54     54  -5.2687800E-10  1.8197106E-03  1.8197112E-03  5.0314116E-04  5.0316913E-04 -2.4142473E-05
   fe55     55   2.3524221E-08  2.3524221E-08  0.0000000E+00  6.5043328E-09  0.0000000E+00  0.0000000E+00
   fe56     56   3.2607394E-07  2.9623457E-02  2.9623131E-02  8.1907421E-03  8.1911049E-03 -1.9236296E-05
   fe57     57   3.9203566E-08  6.9638612E-04  6.9634692E-04  1.9254738E-04  1.9254719E-04  4.3288629E-07
   fe58     58   1.0055750E-08  9.4307255E-05  9.4297199E-05  2.6075498E-05  2.6074160E-05  2.2293490E-05
   fe59     59   0.0000000E+00  0.0000000E+00  0.0000000E+00  0.0000000E+00  0.0000000E+00  0.0000000E+00
   fe60     60   5.0191398E-20  5.0191398E-20  0.0000000E+00  1.3877678E-20  0.0000000E+00  0.0000000E+00
   fe61     61   0.0000000E+00  0.0000000E+00  0.0000000E+00  0.0000000E+00  0.0000000E+00  0.0000000E+00
   co59     59   5.3893277E-09  7.2727900E-05  7.2722511E-05  2.0108912E-05  2.0108533E-05  8.1668221E-06
   co60     60   1.0074142E-25  1.0074142E-25  0.0000000E+00  2.7854514E-26  0.0000000E+00  0.0000000E+00
   co61     61   0.0000000E+00  0.0000000E+00  0.0000000E+00  0.0000000E+00  0.0000000E+00  0.0000000E+00
   ni58     58   7.8242589E-09  1.0405231E-03  1.0405152E-03  2.8769958E-04  2.8771333E-04 -2.0751019E-05
   ni59     59   7.1325660E-12  7.1325660E-12  0.0000000E+00  1.9721199E-12  0.0000000E+00  0.0000000E+00
   ni60     60   2.0832672E-09  4.1463198E-04  4.1462990E-04  1.1464373E-04  1.1464949E-04 -2.1834663E-05
   ni61     61   5.8343088E-05  7.6667542E-05  1.8324454E-05  2.1198203E-05  5.0669028E-06  6.2155648E-01
   ni62     62  -5.9294436E-05  8.7507578E-08  5.9381943E-05  2.4195421E-08  1.6419727E-05 -2.8316328E+00
