  species    A      yield       mass(i)_lost    mass(i)_0        <X(i)>         
  X0(i)   log10(<X(i)>/X0(i)) 
      g      1   1.0836060E-06  1.0836060E-06  0.0000000E+00  2.6492092E-07  0.0000000E+00  0.0000000E+00
      n      1   0.0000000E+00  0.0000000E+00  0.0000000E+00  0.0000000E+00  0.0000000E+00  0.0000000E+00
      p      1  -1.7594951E-01  1.7457648E+00  1.9217143E+00  4.2680605E-01  4.6985680E-01 -4.1734946E-02
      d      2   1.5612114E-17  1.5612114E-17  0.0000000E+00  3.8168627E-18  0.0000000E+00  0.0000000E+00
    he3      3   4.1482047E-05  4.1482047E-05  0.0000000E+00  1.0141566E-05  0.0000000E+00  0.0000000E+00
    he4      4   1.7302967E-01  1.9720816E+00  1.7990519E+00  4.8213618E-01  4.3986600E-01  3.9849327E-02
    li7      7  -2.3751854E-07  1.6735936E-09  2.3919214E-07  4.0916157E-10  5.8482185E-08 -2.1551288E+00
    be7      7   1.5738897E-07  1.5738897E-07  0.0000000E+00  3.8478589E-08  0.0000000E+00  0.0000000E+00
     b8      8   5.9851498E-20  5.9851498E-20  0.0000000E+00  1.4632545E-20  0.0000000E+00  0.0000000E+00
    c12     12  -2.7339206E-02  3.8516961E-02  6.5856167E-02  9.4166592E-03  1.6101752E-02 -2.3297629E-01
    c13     13   2.2405687E-03  3.0386162E-03  7.9804751E-04  7.4288346E-04  1.9512164E-04  5.8061525E-01
    c14     14   1.5494687E-19  1.5494687E-19  0.0000000E+00  3.7881541E-20  0.0000000E+00  0.0000000E+00
    n13     13   0.0000000E+00  0.0000000E+00  0.0000000E+00  0.0000000E+00  0.0000000E+00  0.0000000E+00
    n14     14   4.0220443E-02  5.9691419E-02  1.9470976E-02  1.4593409E-02  4.7606299E-03  4.8649232E-01
    n15     15  -3.3305586E-05  1.4653749E-05  4.7959336E-05  3.5825610E-06  1.1725999E-05 -5.1495626E-01
    o14     14   0.0000000E+00  0.0000000E+00  0.0000000E+00  0.0000000E+00  0.0000000E+00  0.0000000E+00
    o15     15   0.0000000E+00  0.0000000E+00  0.0000000E+00  0.0000000E+00  0.0000000E+00  0.0000000E+00
    o16     16  -1.2273522E-02  1.4675191E-01  1.5902544E-01  3.5878032E-02  3.8881525E-02 -3.4914674E-02
    o17     17   1.8080881E-04  2.4500220E-04  6.4193388E-05  5.9898344E-05  1.5695205E-05  5.8164783E-01
    o18     18  -1.3967982E-04  2.1812744E-04  3.5780726E-04  5.3327982E-05  8.7483438E-05 -2.1497069E-01
    o19     19   0.0000000E+00  0.0000000E+00  0.0000000E+00  0.0000000E+00  0.0000000E+00  0.0000000E+00
    f17     17   0.0000000E+00  0.0000000E+00  0.0000000E+00  0.0000000E+00  0.0000000E+00  0.0000000E+00
    f18     18   0.0000000E+00  0.0000000E+00  0.0000000E+00  0.0000000E+00  0.0000000E+00  0.0000000E+00
    f19     19  -1.1312744E-06  9.1725976E-06  1.0303872E-05  2.2425244E-06  2.5192841E-06 -5.0539966E-02
    f20     20   0.0000000E+00  0.0000000E+00  0.0000000E+00  0.0000000E+00  0.0000000E+00  0.0000000E+00
   ne19     19   0.0000000E+00  0.0000000E+00  0.0000000E+00  0.0000000E+00  0.0000000E+00  0.0000000E+00
   ne20     20  -1.0035373E-05  3.2611041E-02  3.2621077E-02  7.9727750E-03  7.9758134E-03 -1.6547875E-04
   ne21     21   1.1868655E-05  9.3975951E-05  8.2107296E-05  2.2975320E-05  2.0075134E-05  5.8603124E-02
   ne22     22  -3.7641204E-04  2.2621033E-03  2.6385153E-03  5.5304092E-04  6.4511377E-04 -6.6879045E-02
   ne23     23   0.0000000E+00  0.0000000E+00  0.0000000E+00  0.0000000E+00  0.0000000E+00  0.0000000E+00
   na21     21   0.0000000E+00  0.0000000E+00  0.0000000E+00  0.0000000E+00  0.0000000E+00  0.0000000E+00
   na22     22   6.5671501E-27  6.5671501E-27  0.0000000E+00  1.6055424E-27  0.0000000E+00  0.0000000E+00
   na23     23   3.9313086E-04  1.2761993E-03  8.8306840E-04  3.1200627E-04  2.1590914E-04  1.5989229E-01
   na24     24   0.0000000E+00  0.0000000E+00  0.0000000E+00  0.0000000E+00  0.0000000E+00  0.0000000E+00
   mg23     23   0.0000000E+00  0.0000000E+00  0.0000000E+00  0.0000000E+00  0.0000000E+00  0.0000000E+00
   mg24     24   5.2516529E-07  1.5561367E-02  1.5560841E-02  3.8044561E-03  3.8046067E-03 -1.7197347E-05
   mg25     25  -6.3626449E-05  1.9884317E-03  2.0520581E-03  4.8613345E-04  5.0172570E-04 -1.3710839E-02
   mg26     26   6.4201511E-05  2.4138883E-03  2.3496868E-03  5.9014946E-04  5.7449556E-04  1.1675340E-02
   mg27     27   0.0000000E+00  0.0000000E+00  0.0000000E+00  0.0000000E+00  0.0000000E+00  0.0000000E+00
   al25     25   0.0000000E+00  0.0000000E+00  0.0000000E+00  0.0000000E+00  0.0000000E+00  0.0000000E+00
   al-6     26   1.4234662E-06  1.4234662E-06  0.0000000E+00  3.4801021E-07  0.0000000E+00  0.0000000E+00
   al*6     26   0.0000000E+00  0.0000000E+00  0.0000000E+00  0.0000000E+00  0.0000000E+00  0.0000000E+00
   al27     27   7.0392545E-07  1.4990745E-03  1.4983706E-03  3.6649500E-04  3.6634977E-04  1.7212684E-04
   al28     28   0.0000000E+00  0.0000000E+00  0.0000000E+00  0.0000000E+00  0.0000000E+00  0.0000000E+00
   si27     27   0.0000000E+00  0.0000000E+00  0.0000000E+00  0.0000000E+00  0.0000000E+00  0.0000000E+00
   si28     28   5.1420202E-07  1.7230442E-02  1.7229928E-02  4.2125131E-03  4.2126963E-03 -1.8893482E-05
   si29     29   1.0461597E-08  9.0618592E-04  9.0617545E-04  2.2154510E-04  2.2155879E-04 -2.6840367E-05
   si30     30   5.6356935E-08  6.1799213E-04  6.1793578E-04  1.5108724E-04  1.5108454E-04  7.7525159E-06
   si31     31   0.0000000E+00  0.0000000E+00  0.0000000E+00  0.0000000E+00  0.0000000E+00  0.0000000E+00
   si32     32   0.0000000E+00  0.0000000E+00  0.0000000E+00  0.0000000E+00  0.0000000E+00  0.0000000E+00
   si33     33   0.0000000E+00  0.0000000E+00  0.0000000E+00  0.0000000E+00  0.0000000E+00  0.0000000E+00
    p29     29   0.0000000E+00  0.0000000E+00  0.0000000E+00  0.0000000E+00  0.0000000E+00  0.0000000E+00
    p30     30   0.0000000E+00  0.0000000E+00  0.0000000E+00  0.0000000E+00  0.0000000E+00  0.0000000E+00
    p31     31   4.0078862E-08  1.7207520E-04  1.7203513E-04  4.2069091E-05  4.2062378E-05  6.9311221E-05
    p32     32   0.0000000E+00  0.0000000E+00  0.0000000E+00  0.0000000E+00  0.0000000E+00  0.0000000E+00
    p33     33   0.0000000E+00  0.0000000E+00  0.0000000E+00  0.0000000E+00  0.0000000E+00  0.0000000E+00
    p34     34   0.0000000E+00  0.0000000E+00  0.0000000E+00  0.0000000E+00  0.0000000E+00  0.0000000E+00
    s32     32   1.9331146E-07  8.2569167E-03  8.2567234E-03  2.0186580E-03  2.0187588E-03 -2.1686324E-05
    s33     33  -1.3035584E-08  6.8155071E-05  6.8168106E-05  1.6662609E-05  1.6667019E-05 -1.1491095E-04
    s34     34   1.2140135E-08  3.9645970E-04  3.9644756E-04  9.6926802E-05  9.6930943E-05 -1.8555282E-05
    s35     35   3.0346578E-10  3.0346578E-10  0.0000000E+00  7.4191571E-11  0.0000000E+00  0.0000000E+00
   fe54     54  -4.5919610E-07  2.0575026E-03  2.0579618E-03  5.0301996E-04  5.0316913E-04 -1.2876977E-04
   fe55     55   5.1153375E-07  5.1153375E-07  0.0000000E+00  1.2506020E-07  0.0000000E+00  0.0000000E+00
   fe56     56   4.5809120E-08  3.3501665E-02  3.3501619E-02  8.1905153E-03  8.1911049E-03 -3.1260332E-05
   fe57     57   7.3206068E-07  7.8825007E-04  7.8751801E-04  1.9271204E-04  1.9254719E-04  3.7166959E-04
   fe58     58   2.1375944E-07  1.0685707E-04  1.0664331E-04  2.6124508E-05  2.6074160E-05  8.3778898E-04
   fe59     59   1.0044590E-37  1.0044590E-37  0.0000000E+00  2.4557099E-38  0.0000000E+00  0.0000000E+00
   fe60     60   1.6733906E-17  1.6733906E-17  0.0000000E+00  4.0911194E-18  0.0000000E+00  0.0000000E+00
   fe61     61   0.0000000E+00  0.0000000E+00  0.0000000E+00  0.0000000E+00  0.0000000E+00  0.0000000E+00
   co59     59   1.1478239E-07  8.2358684E-05  8.2243902E-05  2.0135121E-05  2.0108533E-05  5.7383941E-04
   co60     60   3.3587377E-23  3.3587377E-23  0.0000000E+00  8.2114702E-24  0.0000000E+00  0.0000000E+00
   co61     61   0.0000000E+00  0.0000000E+00  0.0000000E+00  0.0000000E+00  0.0000000E+00  0.0000000E+00
   ni58     58  -9.4058927E-08  1.1766534E-03  1.1767475E-03  2.8766923E-04  2.8771333E-04 -6.6569271E-05
   ni59     59   5.8344294E-10  5.8344294E-10  0.0000000E+00  1.4264062E-10  0.0000000E+00  0.0000000E+00
   ni60     60  -5.3718875E-08  4.6886271E-04  4.6891643E-04  1.1462795E-04  1.1464949E-04 -8.1609622E-05
   ni61     61   6.6163383E-05  8.6887016E-05  2.0723633E-05  2.1242211E-05  5.0669028E-06  6.2245714E-01
   ni62     62  -6.7152063E-05  4.6216594E-09  6.7156684E-05  1.1299072E-09  1.6419727E-05 -4.1623232E+00
