  species    A      yield       mass(i)_lost    mass(i)_0        <X(i)>         
  X0(i)   log10(<X(i)>/X0(i)) 
      g      1   1.7130223E-06  1.7130223E-06  0.0000000E+00  2.6615017E-07  0.0000000E+00  0.0000000E+00
      n      1   0.0000000E+00  0.0000000E+00  0.0000000E+00  0.0000000E+00  0.0000000E+00  0.0000000E+00
      p      1  -4.4974043E-01  2.5870789E+00  3.0368193E+00  4.0195126E-01  4.7185620E-01 -6.9636273E-02
      d      2   1.7231049E-17  1.7231049E-17  0.0000000E+00  2.6771668E-18  0.0000000E+00  0.0000000E+00
    he3      3   2.2221464E-05  2.2221464E-05  0.0000000E+00  3.4525215E-06  0.0000000E+00  0.0000000E+00
    he4      4   4.4448958E-01  3.2625539E+00  2.8180644E+00  5.0689899E-01  4.3786640E-01  6.3579802E-02
    li7      7  -3.7618177E-07  2.0372436E-10  3.7638550E-07  3.1652403E-11  5.8482185E-08 -3.2666169E+00
    be7      7   6.5067420E-07  6.5067420E-07  0.0000000E+00  1.0109445E-07  0.0000000E+00  0.0000000E+00
     b8      8   3.7436347E-22  3.7436347E-22  0.0000000E+00  5.8164391E-23  0.0000000E+00  0.0000000E+00
    c12     12  -5.9191851E-02  4.4437417E-02  1.0362927E-01  6.9041867E-03  1.6101752E-02 -3.6776062E-01
    c13     13   9.3290545E-03  1.0584838E-02  1.2557834E-03  1.6445532E-03  1.9512164E-04  9.2574249E-01
    c14     14   1.4644654E-10  1.4644654E-10  0.0000000E+00  2.2753218E-11  0.0000000E+00  0.0000000E+00
    n13     13   0.0000000E+00  0.0000000E+00  0.0000000E+00  0.0000000E+00  0.0000000E+00  0.0000000E+00
    n14     14   8.8646484E-02  1.1928542E-01  3.0638938E-02  1.8533229E-02  4.7606299E-03  5.9028667E-01
    n15     15  -7.2397958E-05  3.0693983E-06  7.5467356E-05  4.7688863E-07  1.1725999E-05 -1.3907329E+00
    o14     14   0.0000000E+00  0.0000000E+00  0.0000000E+00  0.0000000E+00  0.0000000E+00  0.0000000E+00
    o15     15   0.0000000E+00  0.0000000E+00  0.0000000E+00  0.0000000E+00  0.0000000E+00  0.0000000E+00
    o16     16  -3.3378671E-02  2.1685893E-01  2.5023761E-01  3.3693105E-02  3.8881525E-02 -6.2202247E-02
    o17     17   2.8197102E-04  3.8298379E-04  1.0101277E-04  5.9503720E-05  1.5695205E-05  5.7877713E-01
    o18     18  -5.2626809E-04  3.6766572E-05  5.6303466E-04  5.7123770E-06  8.7483438E-05 -1.1851090E+00
    o19     19   0.0000000E+00  0.0000000E+00  0.0000000E+00  0.0000000E+00  0.0000000E+00  0.0000000E+00
    f17     17   0.0000000E+00  0.0000000E+00  0.0000000E+00  0.0000000E+00  0.0000000E+00  0.0000000E+00
    f18     18   0.0000000E+00  0.0000000E+00  0.0000000E+00  0.0000000E+00  0.0000000E+00  0.0000000E+00
    f19     19   4.3468810E-09  1.6218207E-05  1.6213861E-05  2.5198029E-06  2.5192841E-06  8.9426115E-05
    f20     20   0.0000000E+00  0.0000000E+00  0.0000000E+00  0.0000000E+00  0.0000000E+00  0.0000000E+00
   ne19     19   0.0000000E+00  0.0000000E+00  0.0000000E+00  0.0000000E+00  0.0000000E+00  0.0000000E+00
   ne20     20  -1.2262166E-05  5.1319275E-02  5.1331537E-02  7.9734126E-03  7.9758134E-03 -1.3074856E-04
   ne21     21   8.8545466E-07  1.3008701E-04  1.2920155E-04  2.0211458E-05  2.0075134E-05  2.9391989E-03
   ne22     22  -8.0220898E-04  3.3496787E-03  4.1518877E-03  5.2043545E-04  6.4511377E-04 -9.3269435E-02
   ne23     23   0.0000000E+00  0.0000000E+00  0.0000000E+00  0.0000000E+00  0.0000000E+00  0.0000000E+00
   na21     21   0.0000000E+00  0.0000000E+00  0.0000000E+00  0.0000000E+00  0.0000000E+00  0.0000000E+00
   na22     22   5.4898660E-09  5.4898660E-09  0.0000000E+00  8.5295371E-10  0.0000000E+00  0.0000000E+00
   na23     23   8.9293807E-04  2.2825077E-03  1.3895697E-03  3.5463041E-04  2.1590914E-04  2.1550494E-01
   na24     24   0.0000000E+00  0.0000000E+00  0.0000000E+00  0.0000000E+00  0.0000000E+00  0.0000000E+00
   mg23     23   0.0000000E+00  0.0000000E+00  0.0000000E+00  0.0000000E+00  0.0000000E+00  0.0000000E+00
   mg24     24  -9.3383759E-05  2.4392685E-02  2.4486068E-02  3.7898614E-03  3.8046067E-03 -1.6864484E-03
   mg25     25  -9.6911588E-05  3.1321448E-03  3.2290564E-03  4.8663749E-04  5.0172570E-04 -1.3260789E-02
   mg26     26   1.8804903E-04  3.8854450E-03  3.6973960E-03  6.0367680E-04  5.7449556E-04  2.1517812E-02
   mg27     27   0.0000000E+00  0.0000000E+00  0.0000000E+00  0.0000000E+00  0.0000000E+00  0.0000000E+00
   al25     25   0.0000000E+00  0.0000000E+00  0.0000000E+00  0.0000000E+00  0.0000000E+00  0.0000000E+00
   al-6     26   1.7973514E-05  1.7973514E-05  0.0000000E+00  2.7925228E-06  0.0000000E+00  0.0000000E+00
   al*6     26   0.0000000E+00  0.0000000E+00  0.0000000E+00  0.0000000E+00  0.0000000E+00  0.0000000E+00
   al27     27   9.4323756E-06  2.3672229E-03  2.3577905E-03  3.6779250E-04  3.6634977E-04  1.7069443E-03
   al28     28   0.0000000E+00  0.0000000E+00  0.0000000E+00  0.0000000E+00  0.0000000E+00  0.0000000E+00
   si27     27   0.0000000E+00  0.0000000E+00  0.0000000E+00  0.0000000E+00  0.0000000E+00  0.0000000E+00
   si28     28   9.8343794E-06  2.7122327E-02  2.7112492E-02  4.2139625E-03  4.2126963E-03  1.3050976E-04
   si29     29   2.0859201E-07  1.4261388E-03  1.4259302E-03  2.2157743E-04  2.2155879E-04  3.6534905E-05
   si30     30   1.0806984E-06  9.7344570E-04  9.7236500E-04  1.5124306E-04  1.5108454E-04  4.5542103E-04
   si31     31   0.0000000E+00  0.0000000E+00  0.0000000E+00  0.0000000E+00  0.0000000E+00  0.0000000E+00
   si32     32   2.3898186E-28  2.3898186E-28  0.0000000E+00  3.7130318E-29  0.0000000E+00  0.0000000E+00
   si33     33   0.0000000E+00  0.0000000E+00  0.0000000E+00  0.0000000E+00  0.0000000E+00  0.0000000E+00
    p29     29   0.0000000E+00  0.0000000E+00  0.0000000E+00  0.0000000E+00  0.0000000E+00  0.0000000E+00
    p30     30   0.0000000E+00  0.0000000E+00  0.0000000E+00  0.0000000E+00  0.0000000E+00  0.0000000E+00
    p31     31   6.6084129E-07  2.7137010E-04  2.7070926E-04  4.2162438E-05  4.2062378E-05  1.0318939E-03
    p32     32   3.3013517E-30  3.3013517E-30  0.0000000E+00  5.1292694E-31  0.0000000E+00  0.0000000E+00
    p33     33   1.5968765E-29  1.5968765E-29  0.0000000E+00  2.4810474E-30  0.0000000E+00  0.0000000E+00
    p34     34   0.0000000E+00  0.0000000E+00  0.0000000E+00  0.0000000E+00  0.0000000E+00  0.0000000E+00
    s32     32   3.5610990E-06  1.2996091E-02  1.2992530E-02  2.0191866E-03  2.0187588E-03  9.2027523E-05
    s33     33  -1.2154219E-07  1.0714572E-04  1.0726727E-04  1.6647099E-05  1.6667019E-05 -5.1935971E-04
    s34     34   2.2710230E-07  6.2406496E-04  6.2383786E-04  9.6960204E-05  9.6930943E-05  1.3108089E-04
    s35     35   5.2523734E-09  5.2523734E-09  0.0000000E+00  8.1605478E-10  0.0000000E+00  0.0000000E+00
   fe54     54  -7.7289681E-06  3.2306173E-03  3.2383462E-03  5.0193702E-04  5.0316913E-04 -1.0647617E-03
   fe55     55   8.4123917E-06  8.4123917E-06  0.0000000E+00  1.3070229E-06  0.0000000E+00  0.0000000E+00
   fe56     56   1.9615342E-06  5.2719093E-02  5.2717132E-02  8.1909006E-03  8.1911049E-03 -1.0831940E-05
   fe57     57   1.2884859E-05  1.2520993E-03  1.2392145E-03  1.9453713E-04  1.9254719E-04  4.4653158E-03
   fe58     58   3.9252517E-06  1.7173594E-04  1.6781069E-04  2.6682401E-05  2.6074160E-05  1.0014582E-02
   fe59     59   4.1039061E-25  4.1039061E-25  0.0000000E+00  6.3761883E-26  0.0000000E+00  0.0000000E+00
   fe60     60   2.0004506E-15  2.0004506E-15  0.0000000E+00  3.1080755E-16  0.0000000E+00  0.0000000E+00
   fe61     61   0.0000000E+00  0.0000000E+00  0.0000000E+00  0.0000000E+00  0.0000000E+00  0.0000000E+00
   co59     59   2.0870585E-06  1.3150357E-04  1.2941651E-04  2.0431547E-05  2.0108533E-05  6.9208630E-03
   co60     60   3.7958681E-20  3.7958681E-20  0.0000000E+00  5.8975935E-21  0.0000000E+00  0.0000000E+00
   co61     61   0.0000000E+00  0.0000000E+00  0.0000000E+00  0.0000000E+00  0.0000000E+00  0.0000000E+00
   ni58     58  -1.7422080E-06  1.8499520E-03  1.8516942E-03  2.8742476E-04  2.8771333E-04 -4.3579920E-04
   ni59     59   2.4190900E-08  2.4190900E-08  0.0000000E+00  3.7585104E-09  0.0000000E+00  0.0000000E+00
   ni60     60  -8.4922386E-07  7.3702345E-04  7.3787268E-04  1.1451043E-04  1.1464949E-04 -5.2711218E-04
   ni61     61   1.0555603E-04  1.3816611E-04  3.2610080E-05  2.1466698E-05  5.0669028E-06  6.2702267E-01
   ni62     62  -1.0562192E-04  5.3804800E-08  1.0567572E-04  8.3595854E-09  1.6419727E-05 -3.2931812E+00
